1 0.8758333333333334 0.12583333333333335 0.225 0.09166666666666667
1 0.625 0.23 0.19333333333333336 0.09333333333333334
1 0.3791666666666667 0.12666666666666668 0.2016666666666667 0.09000000000000001
1 0.6258333333333334 0.3441666666666667 0.19166666666666668 0.09166666666666667
1 0.8733333333333334 0.23 0.2066666666666667 0.08333333333333334
1 0.88 0.3441666666666667 0.21333333333333335 0.08166666666666667
1 0.8791666666666668 0.44583333333333336 0.21166666666666667 0.08833333333333333
1 0.8816666666666667 0.5558333333333334 0.21666666666666667 0.08166666666666667
1 0.8825000000000001 0.66 0.21833333333333335 0.08666666666666667
1 0.89 0.7666666666666667 0.21333333333333335 0.07666666666666667
1 0.89 0.8766666666666667 0.22 0.08666666666666667
1 0.635 0.12416666666666668 0.18333333333333335 0.095
1 0.6325000000000001 0.45083333333333336 0.21500000000000002 0.085
1 0.625 0.5508333333333334 0.19 0.085
1 0.6216666666666667 0.6625000000000001 0.21666666666666667 0.07500000000000001
1 0.63 0.7666666666666667 0.2066666666666667 0.08666666666666667
1 0.6283333333333334 0.8733333333333334 0.20333333333333334 0.08333333333333334
1 0.3741666666666667 0.23083333333333333 0.21833333333333335 0.09166666666666667
1 0.38333333333333336 0.34 0.2 0.08333333333333334
1 0.39 0.44583333333333336 0.19 0.08833333333333333
1 0.385 0.5541666666666667 0.19333333333333336 0.08833333333333333
1 0.39583333333333337 0.6575000000000001 0.165 0.085
1 0.4025 0.77 0.16166666666666668 0.09000000000000001
