1 0.13416666666666668 0.23833333333333334 0.16833333333333333 0.07666666666666667
1 0.64 0.2341666666666667 0.20333333333333334 0.08833333333333333
1 0.8941666666666668 0.11750000000000001 0.1716666666666667 0.07833333333333334
1 0.135 0.3375 0.19666666666666668 0.085
1 0.13416666666666668 0.44083333333333335 0.18833333333333335 0.085
1 0.13333333333333333 0.5483333333333333 0.2 0.08333333333333334
1 0.13333333333333333 0.655 0.19333333333333336 0.07666666666666667
1 0.13583333333333333 0.7616666666666667 0.19166666666666668 0.08
1 0.13083333333333333 0.8683333333333334 0.195 0.08333333333333334
1 0.6341666666666667 0.33166666666666667 0.19166666666666668 0.08666666666666667
1 0.6283333333333334 0.4416666666666667 0.20333333333333334 0.07
1 0.6366666666666667 0.5483333333333333 0.18666666666666668 0.08
1 0.6366666666666667 0.655 0.18666666666666668 0.08
1 0.6375000000000001 0.7666666666666667 0.2016666666666667 0.09000000000000001
1 0.6291666666666667 0.8683333333333334 0.20500000000000002 0.08
1 0.8875000000000001 0.22583333333333336 0.19833333333333333 0.07833333333333334
1 0.8833333333333334 0.33083333333333337 0.18333333333333335 0.07833333333333334
1 0.8866666666666667 0.445 0.18000000000000002 0.08
1 0.8808333333333334 0.545 0.195 0.08666666666666667
1 0.8833333333333334 0.6525000000000001 0.19 0.085
1 0.8858333333333334 0.765 0.195 0.08333333333333334
1 0.8841666666666668 0.8700000000000001 0.19166666666666668 0.08
1 0.3841666666666667 0.2316666666666667 0.15166666666666667 0.060000000000000005
1 0.3983333333333334 0.33916666666666667 0.15000000000000002 0.065
1 0.41750000000000004 0.44833333333333336 0.14500000000000002 0.07666666666666667
1 0.3983333333333334 0.5558333333333334 0.16333333333333333 0.06166666666666667
1 0.41250000000000003 0.6633333333333333 0.13833333333333334 0.07333333333333333
1 0.43500000000000005 0.7641666666666667 0.08666666666666667 0.07166666666666667
