4 0.8466666666666667 0.49750000000000005 0.3066666666666667 0.9816666666666667
1 0.5800000000000001 0.6633333333333333 0.21000000000000002 0.08333333333333334
1 0.3425 0.8691666666666668 0.225 0.095
1 0.10833333333333334 0.7616666666666667 0.19666666666666668 0.08333333333333334
1 0.5833333333333334 0.7658333333333334 0.21666666666666667 0.09166666666666667
1 0.5841666666666667 0.8708333333333333 0.21833333333333335 0.08833333333333333
1 0.5900000000000001 0.9558333333333334 0.2066666666666667 0.05166666666666667
1 0.34750000000000003 0.9583333333333334 0.2016666666666667 0.04666666666666667
1 0.3408333333333334 0.7633333333333334 0.20833333333333334 0.08666666666666667
1 0.3491666666666667 0.6591666666666667 0.1716666666666667 0.085
1 0.1125 0.8741666666666668 0.18833333333333335 0.07166666666666667
