4 0.25083333333333335 0.0475 0.49833333333333335 0.09166666666666667
1 0.12666666666666668 0.6191666666666668 0.21000000000000002 0.08166666666666667
1 0.6391666666666667 0.8766666666666667 0.18166666666666667 0.08
1 0.37000000000000005 0.7250000000000001 0.20333333333333334 0.07666666666666667
1 0.12833333333333335 0.7183333333333334 0.21000000000000002 0.08333333333333334
1 0.13083333333333333 0.8208333333333334 0.19833333333333333 0.07833333333333334
1 0.13583333333333333 0.5375000000000001 0.17833333333333334 0.03833333333333334
1 0.37333333333333335 0.8258333333333334 0.19333333333333336 0.07833333333333334
1 0.37583333333333335 0.9275000000000001 0.17833333333333334 0.07833333333333334
1 0.6341666666666667 0.7691666666666667 0.18500000000000003 0.07166666666666667
1 0.6366666666666667 0.66 0.18666666666666668 0.08
1 0.6766666666666667 0.5533333333333333 0.09333333333333334 0.07
1 0.9291666666666667 0.6616666666666667 0.055 0.07333333333333333
1 0.9225000000000001 0.7675000000000001 0.04166666666666667 0.07500000000000001
