1 0.8733333333333334 0.8700000000000001 0.22333333333333336 0.08666666666666667
1 0.13583333333333333 0.2275 0.19166666666666668 0.085
1 0.6558333333333334 0.23 0.155 0.08
1 0.13583333333333333 0.3408333333333334 0.1716666666666667 0.07500000000000001
1 0.13833333333333334 0.5583333333333333 0.15666666666666668 0.06666666666666667
1 0.13333333333333333 0.6641666666666667 0.19 0.07166666666666667
1 0.3666666666666667 0.44 0.18333333333333335 0.08
1 0.14666666666666667 0.12583333333333335 0.10666666666666667 0.07833333333333334
1 0.135 0.44583333333333336 0.19 0.07833333333333334
1 0.14 0.7666666666666667 0.18666666666666668 0.08
1 0.14416666666666667 0.8741666666666668 0.1716666666666667 0.07166666666666667
1 0.3766666666666667 0.2316666666666667 0.18666666666666668 0.07666666666666667
1 0.37333333333333335 0.335 0.17 0.08
1 0.37583333333333335 0.5508333333333334 0.16833333333333333 0.07500000000000001
1 0.37583333333333335 0.6566666666666667 0.16166666666666668 0.08
1 0.3841666666666667 0.7675000000000001 0.16833333333333333 0.08166666666666667
1 0.8725 0.7658333333333334 0.20500000000000002 0.085
1 0.8750000000000001 0.6525000000000001 0.22666666666666668 0.09166666666666667
1 0.8725 0.5491666666666667 0.225 0.08833333333333333
1 0.8733333333333334 0.4366666666666667 0.21000000000000002 0.08
1 0.88 0.32916666666666666 0.2066666666666667 0.09166666666666667
1 0.8791666666666668 0.22 0.20833333333333334 0.08333333333333334
1 0.8758333333333334 0.115 0.2016666666666667 0.09000000000000001
1 0.6458333333333334 0.3375 0.16833333333333333 0.08166666666666667
1 0.6408333333333334 0.4441666666666667 0.17500000000000002 0.08166666666666667
1 0.64 0.5483333333333333 0.17666666666666667 0.08
1 0.6358333333333334 0.66 0.17500000000000002 0.07666666666666667
1 0.635 0.7733333333333334 0.18333333333333335 0.07666666666666667
1 0.6616666666666667 0.8633333333333334 0.11 0.05333333333333334
