1 0.13083333333333333 0.24000000000000002 0.2016666666666667 0.08
1 0.12833333333333335 0.4491666666666667 0.19333333333333336 0.09166666666666667
1 0.12916666666666668 0.6675000000000001 0.19833333333333333 0.08833333333333333
1 0.8775000000000001 0.45083333333333336 0.19833333333333333 0.095
1 0.12916666666666668 0.3433333333333334 0.19166666666666668 0.09000000000000001
1 0.1325 0.5558333333333334 0.2016666666666667 0.085
1 0.6441666666666667 0.23583333333333334 0.17500000000000002 0.07833333333333334
1 0.8750000000000001 0.5583333333333333 0.2 0.09333333333333334
1 0.13416666666666668 0.7708333333333334 0.17500000000000002 0.085
1 0.6475000000000001 0.34500000000000003 0.18500000000000003 0.07666666666666667
1 0.645 0.4541666666666667 0.18333333333333335 0.07833333333333334
1 0.6375000000000001 0.5583333333333333 0.19166666666666668 0.08666666666666667
1 0.6358333333333334 0.6625000000000001 0.2016666666666667 0.085
1 0.6433333333333334 0.775 0.19 0.08666666666666667
1 0.8783333333333334 0.6666666666666667 0.20333333333333334 0.09000000000000001
1 0.8766666666666667 0.7708333333333334 0.18333333333333335 0.08166666666666667
1 0.8816666666666667 0.8808333333333334 0.18000000000000002 0.08166666666666667
1 0.8841666666666668 0.3416666666666667 0.19833333333333333 0.08333333333333334
1 0.8866666666666667 0.23583333333333334 0.18333333333333335 0.07166666666666667
1 0.9041666666666667 0.12916666666666668 0.135 0.06833333333333334
1 0.375 0.7658333333333334 0.17666666666666667 0.07833333333333334
1 0.38333333333333336 0.6625000000000001 0.17 0.07166666666666667
1 0.37583333333333335 0.555 0.16833333333333333 0.08666666666666667
1 0.3775 0.24000000000000002 0.17833333333333334 0.07333333333333333
1 0.375 0.34750000000000003 0.18333333333333335 0.07500000000000001
1 0.37583333333333335 0.455 0.18166666666666667 0.08
