4 0.8733333333333334 0.49833333333333335 0.25 0.9766666666666667
1 0.12333333333333334 0.8666666666666667 0.21666666666666667 0.09333333333333334
1 0.3691666666666667 0.22583333333333336 0.21166666666666667 0.09166666666666667
1 0.5950000000000001 0.5433333333333333 0.16666666666666669 0.08333333333333334
1 0.12833333333333335 0.6525000000000001 0.2 0.08833333333333333
1 0.11750000000000001 0.3275 0.195 0.07833333333333334
1 0.12250000000000001 0.4366666666666667 0.19833333333333333 0.07666666666666667
1 0.1275 0.545 0.19833333333333333 0.09000000000000001
1 0.12333333333333334 0.2225 0.19 0.08166666666666667
1 0.36750000000000005 0.33416666666666667 0.21166666666666667 0.08166666666666667
1 0.3716666666666667 0.43833333333333335 0.21000000000000002 0.08666666666666667
1 0.3725 0.545 0.21500000000000002 0.09000000000000001
1 0.37333333333333335 0.6541666666666667 0.20333333333333334 0.09166666666666667
1 0.375 0.76 0.21000000000000002 0.08666666666666667
1 0.12666666666666668 0.7616666666666667 0.21333333333333335 0.09000000000000001
1 0.3725 0.8700000000000001 0.22166666666666668 0.09000000000000001
1 0.61 0.6516666666666667 0.2 0.08333333333333334
1 0.6158333333333333 0.7616666666666667 0.195 0.08333333333333334
1 0.61 0.8666666666666667 0.2 0.08333333333333334
