1 0.17916666666666667 0.4466666666666667 0.13833333333333334 0.09333333333333334
4 0.37833333333333335 0.4966666666666667 0.24333333333333335 0.9700000000000001
1 0.6341666666666667 0.23750000000000002 0.195 0.09166666666666667
1 0.8583333333333334 0.4466666666666667 0.2066666666666667 0.07333333333333333
1 0.625 0.34 0.22 0.08666666666666667
1 0.6241666666666668 0.43833333333333335 0.21833333333333335 0.09666666666666668
1 0.6325000000000001 0.5416666666666667 0.18500000000000003 0.07
1 0.17 0.33666666666666667 0.13333333333333333 0.08666666666666667
1 0.8533333333333334 0.34750000000000003 0.15666666666666668 0.065
1 0.8541666666666667 0.5416666666666667 0.155 0.04666666666666667
1 0.16666666666666669 0.25916666666666666 0.10666666666666667 0.028333333333333335
