1 0.13583333333333333 0.11916666666666667 0.22166666666666668 0.085
1 0.37333333333333335 0.12083333333333333 0.21666666666666667 0.095
1 0.3725 0.5383333333333333 0.22166666666666668 0.09000000000000001
1 0.8641666666666667 0.12250000000000001 0.21166666666666667 0.07166666666666667
1 0.37000000000000005 0.23 0.22 0.09000000000000001
1 0.3716666666666667 0.33416666666666667 0.21666666666666667 0.09166666666666667
1 0.3725 0.4391666666666667 0.22166666666666668 0.09166666666666667
1 0.3741666666666667 0.6566666666666667 0.21833333333333335 0.09333333333333334
1 0.3775 0.7666666666666667 0.21833333333333335 0.08333333333333334
1 0.3816666666666667 0.8750000000000001 0.21666666666666667 0.09333333333333334
1 0.625 0.8691666666666668 0.22666666666666668 0.08166666666666667
1 0.625 0.7641666666666667 0.22666666666666668 0.08166666666666667
1 0.6258333333333334 0.6566666666666667 0.20500000000000002 0.08
1 0.625 0.55 0.2066666666666667 0.08
1 0.6241666666666668 0.4366666666666667 0.225 0.07666666666666667
1 0.6316666666666667 0.34 0.21000000000000002 0.07666666666666667
1 0.6166666666666667 0.22666666666666668 0.21000000000000002 0.07333333333333333
1 0.6216666666666667 0.12083333333333333 0.2066666666666667 0.07833333333333334
1 0.12833333333333335 0.22916666666666669 0.21333333333333335 0.08166666666666667
1 0.125 0.33166666666666667 0.2066666666666667 0.07666666666666667
1 0.13416666666666668 0.4416666666666667 0.21166666666666667 0.07666666666666667
1 0.13166666666666668 0.5475 0.21666666666666667 0.08166666666666667
1 0.13166666666666668 0.6566666666666667 0.21000000000000002 0.09333333333333334
1 0.13 0.7658333333333334 0.21000000000000002 0.085
1 0.13583333333333333 0.8750000000000001 0.21166666666666667 0.09000000000000001
1 0.8666666666666667 0.22833333333333336 0.2 0.07333333333333333
1 0.8716666666666667 0.3358333333333334 0.20333333333333334 0.07166666666666667
1 0.8675 0.4366666666666667 0.19166666666666668 0.08333333333333334
1 0.8675 0.5483333333333333 0.19166666666666668 0.07666666666666667
1 0.8658333333333333 0.6533333333333333 0.18166666666666667 0.07333333333333333
1 0.8716666666666667 0.7658333333333334 0.18333333333333335 0.07500000000000001
1 0.8708333333333333 0.8725 0.165 0.07500000000000001
