1 0.13 0.3383333333333334 0.2 0.08333333333333334
1 0.4 0.3375 0.15666666666666668 0.08833333333333333
1 0.13333333333333333 0.4466666666666667 0.18666666666666668 0.08
1 0.1275 0.5491666666666667 0.2016666666666667 0.07833333333333334
1 0.1325 0.6608333333333334 0.195 0.07833333333333334
1 0.13416666666666668 0.7633333333333334 0.18500000000000003 0.08
1 0.135 0.8725 0.19333333333333336 0.07500000000000001
1 0.39 0.4475 0.16333333333333333 0.07166666666666667
1 0.40166666666666667 0.5558333333333334 0.16333333333333333 0.085
1 0.38583333333333336 0.6625000000000001 0.18166666666666667 0.08166666666666667
1 0.3975 0.7683333333333334 0.16833333333333333 0.08
1 0.41500000000000004 0.2325 0.10333333333333335 0.07166666666666667
1 0.42333333333333334 0.8758333333333334 0.06666666666666667 0.06833333333333334
1 0.6291666666666667 0.3375 0.18166666666666667 0.06833333333333334
1 0.6308333333333334 0.445 0.17833333333333334 0.08666666666666667
1 0.6341666666666667 0.5541666666666667 0.18166666666666667 0.07833333333333334
1 0.6341666666666667 0.6616666666666667 0.17500000000000002 0.08
1 0.6308333333333334 0.7675000000000001 0.16166666666666668 0.07166666666666667
