1 0.12666666666666668 0.8758333333333334 0.22666666666666668 0.08833333333333333
1 0.3691666666666667 0.8783333333333334 0.19833333333333333 0.08
1 0.125 0.6616666666666667 0.21333333333333335 0.07666666666666667
1 0.11916666666666667 0.44833333333333336 0.2016666666666667 0.07333333333333333
1 0.37000000000000005 0.5541666666666667 0.21666666666666667 0.07833333333333334
1 0.13083333333333333 0.3383333333333334 0.2016666666666667 0.06666666666666667
1 0.1275 0.5475 0.21833333333333335 0.08166666666666667
1 0.12416666666666668 0.7666666666666667 0.21166666666666667 0.08333333333333334
1 0.38083333333333336 0.7691666666666667 0.21166666666666667 0.08833333333333333
1 0.3816666666666667 0.665 0.19333333333333336 0.09000000000000001
1 0.3716666666666667 0.4466666666666667 0.2 0.08
1 0.35583333333333333 0.335 0.17500000000000002 0.07
