1 0.635 0.12916666666666668 0.20333333333333334 0.085
1 0.8791666666666668 0.12833333333333335 0.17500000000000002 0.09000000000000001
1 0.8741666666666668 0.7733333333333334 0.14833333333333334 0.07666666666666667
1 0.8891666666666668 0.2341666666666667 0.17833333333333334 0.08166666666666667
1 0.8866666666666667 0.3358333333333334 0.19333333333333336 0.08166666666666667
1 0.8808333333333334 0.4491666666666667 0.17833333333333334 0.07500000000000001
1 0.88 0.5566666666666668 0.2 0.07666666666666667
1 0.8841666666666668 0.6625000000000001 0.19166666666666668 0.08166666666666667
1 0.8941666666666668 0.8741666666666668 0.16833333333333333 0.08833333333333333
1 0.6416666666666667 0.2341666666666667 0.2 0.085
1 0.6425000000000001 0.33916666666666667 0.19833333333333333 0.095
1 0.6325000000000001 0.4475 0.2016666666666667 0.09166666666666667
1 0.6291666666666667 0.5583333333333333 0.21500000000000002 0.08
1 0.635 0.665 0.20333333333333334 0.08
1 0.6341666666666667 0.7683333333333334 0.2016666666666667 0.09000000000000001
1 0.6425000000000001 0.8783333333333334 0.17500000000000002 0.08666666666666667
