1 0.8708333333333333 0.12666666666666668 0.22166666666666668 0.09000000000000001
1 0.625 0.12916666666666668 0.21333333333333335 0.08166666666666667
1 0.8691666666666668 0.2366666666666667 0.20833333333333334 0.08666666666666667
1 0.8716666666666667 0.34750000000000003 0.2066666666666667 0.08833333333333333
1 0.8708333333333333 0.4516666666666667 0.20500000000000002 0.09000000000000001
1 0.8741666666666668 0.5616666666666666 0.21833333333333335 0.09333333333333334
1 0.8758333333333334 0.6683333333333333 0.2316666666666667 0.08
1 0.8700000000000001 0.7725000000000001 0.22 0.08833333333333333
1 0.88 0.8875000000000001 0.2066666666666667 0.07166666666666667
1 0.6216666666666667 0.23833333333333334 0.22 0.07666666666666667
1 0.6258333333333334 0.34500000000000003 0.21500000000000002 0.08333333333333334
1 0.6266666666666667 0.4541666666666667 0.2066666666666667 0.085
1 0.6316666666666667 0.5541666666666667 0.21000000000000002 0.09166666666666667
1 0.62 0.6683333333333333 0.21666666666666667 0.09333333333333334
1 0.62 0.7775000000000001 0.2066666666666667 0.085
1 0.6366666666666667 0.885 0.2 0.09333333333333334
