1 0.6325000000000001 0.7633333333333334 0.20500000000000002 0.08666666666666667
1 0.6283333333333334 0.8733333333333334 0.2066666666666667 0.09000000000000001
1 0.8758333333333334 0.7641666666666667 0.20833333333333334 0.10166666666666667
1 0.6308333333333334 0.66 0.18500000000000003 0.09000000000000001
1 0.6383333333333334 0.445 0.18666666666666668 0.08666666666666667
1 0.6458333333333334 0.22666666666666668 0.18500000000000003 0.09000000000000001
1 0.4 0.5525 0.17333333333333334 0.07500000000000001
1 0.4033333333333334 0.4466666666666667 0.17333333333333334 0.07333333333333333
1 0.4008333333333334 0.33333333333333337 0.17833333333333334 0.08333333333333334
1 0.3975 0.2225 0.19166666666666668 0.08166666666666667
1 0.39666666666666667 0.12666666666666668 0.15000000000000002 0.06666666666666667
1 0.6441666666666667 0.33416666666666667 0.19166666666666668 0.08166666666666667
1 0.8866666666666667 0.3383333333333334 0.17666666666666667 0.08333333333333334
1 0.8858333333333334 0.4441666666666667 0.17833333333333334 0.085
1 0.8791666666666668 0.555 0.17500000000000002 0.08666666666666667
1 0.6391666666666667 0.5483333333333333 0.17833333333333334 0.08333333333333334
1 0.39666666666666667 0.6583333333333333 0.16666666666666669 0.07666666666666667
1 0.41750000000000004 0.7633333333333334 0.09833333333333334 0.07666666666666667
1 0.6358333333333334 0.11833333333333335 0.18500000000000003 0.07333333333333333
1 0.89 0.22833333333333336 0.17 0.08
1 0.8775000000000001 0.12166666666666667 0.165 0.07666666666666667
1 0.8916666666666667 0.8691666666666668 0.14333333333333334 0.08166666666666667
