1 0.12166666666666667 0.34 0.19333333333333336 0.08666666666666667
1 0.36250000000000004 0.23083333333333333 0.17833333333333334 0.08833333333333333
1 0.8775000000000001 0.3383333333333334 0.21166666666666667 0.09333333333333334
1 0.12250000000000001 0.44833333333333336 0.19833333333333333 0.09000000000000001
1 0.12333333333333334 0.6608333333333334 0.19666666666666668 0.085
1 0.37333333333333335 0.4441666666666667 0.19 0.09166666666666667
1 0.37083333333333335 0.6625000000000001 0.19166666666666668 0.085
1 0.8725 0.66 0.2016666666666667 0.09666666666666668
1 0.8741666666666668 0.7633333333333334 0.20833333333333334 0.08666666666666667
1 0.8783333333333334 0.8766666666666667 0.2066666666666667 0.08
1 0.8758333333333334 0.5475 0.20500000000000002 0.08166666666666667
1 0.8791666666666668 0.44083333333333335 0.20833333333333334 0.08166666666666667
1 0.8741666666666668 0.22833333333333336 0.17833333333333334 0.08333333333333334
1 0.12666666666666668 0.5558333333333334 0.20333333333333334 0.085
1 0.1325 0.77 0.18500000000000003 0.08333333333333334
1 0.37000000000000005 0.3375 0.19333333333333336 0.07833333333333334
1 0.3725 0.5541666666666667 0.19833333333333333 0.085
1 0.3716666666666667 0.7708333333333334 0.19666666666666668 0.085
1 0.8775000000000001 0.9600000000000001 0.1716666666666667 0.043333333333333335
