4 0.8725 0.5033333333333334 0.255 0.9933333333333334
1 0.125 0.13166666666666668 0.22 0.09000000000000001
1 0.6241666666666668 0.2316666666666667 0.18500000000000003 0.30000000000000004
1 0.1125 0.3466666666666667 0.2016666666666667 0.09000000000000001
1 0.3816666666666667 0.12666666666666668 0.20333333333333334 0.09333333333333334
1 0.38583333333333336 0.6666666666666667 0.17833333333333334 0.08333333333333334
3 0.21666666666666667 0.31333333333333335 0.016666666666666666 0.05666666666666667
1 0.6275000000000001 0.043333333333333335 0.17833333333333334 0.03666666666666667
1 0.3741666666666667 0.03916666666666667 0.20500000000000002 0.04166666666666667
1 0.1275 0.23500000000000001 0.21833333333333335 0.09000000000000001
1 0.12333333333333334 0.4516666666666667 0.20333333333333334 0.08333333333333334
1 0.12666666666666668 0.5566666666666668 0.22 0.08
1 0.12666666666666668 0.6691666666666667 0.2 0.07833333333333334
1 0.37583333333333335 0.2341666666666667 0.20500000000000002 0.08166666666666667
1 0.37083333333333335 0.3358333333333334 0.18166666666666667 0.08833333333333333
1 0.3816666666666667 0.45 0.18333333333333335 0.08
1 0.38083333333333336 0.5583333333333333 0.18166666666666667 0.07666666666666667
