4 0.12583333333333335 0.4941666666666667 0.24833333333333335 0.9850000000000001
1 0.3725 0.7083333333333334 0.225 0.2
1 0.6233333333333334 0.8733333333333334 0.22666666666666668 0.09333333333333334
1 0.8791666666666668 0.8725 0.2316666666666667 0.085
1 0.37000000000000005 0.8750000000000001 0.22666666666666668 0.08666666666666667
1 0.6191666666666668 0.9608333333333334 0.2016666666666667 0.04833333333333334
1 0.6266666666666667 0.7625000000000001 0.23 0.08166666666666667
1 0.625 0.6558333333333334 0.22 0.07166666666666667
1 0.3791666666666667 0.5616666666666666 0.18166666666666667 0.043333333333333335
1 0.8741666666666668 0.7608333333333334 0.21500000000000002 0.07833333333333334
1 0.8733333333333334 0.6575000000000001 0.20333333333333334 0.07833333333333334
1 0.8908333333333334 0.5508333333333334 0.16833333333333333 0.07500000000000001
