3 0.16583333333333333 0.12083333333333333 0.025 0.08833333333333333
3 0.20083333333333334 0.7891666666666667 0.021666666666666667 0.13166666666666668
3 0.23833333333333334 0.5433333333333333 0.02 0.1366666666666667
3 0.15916666666666668 0.8058333333333334 0.03166666666666667 0.2016666666666667
3 0.12166666666666667 0.8216666666666668 0.023333333333333334 0.14
3 0.13583333333333333 0.6341666666666667 0.025 0.21166666666666667
3 0.08750000000000001 0.5075000000000001 0.018333333333333333 0.07833333333333334
3 0.0475 0.5725 0.025 0.04833333333333334
3 0.10083333333333334 0.2 0.025 0.11333333333333334
3 0.17416666666666666 0.22333333333333336 0.03166666666666667 0.10333333333333335
3 0.17916666666666667 0.3241666666666667 0.028333333333333335 0.09166666666666667
3 0.04083333333333333 0.4516666666666667 0.025 0.06666666666666667
3 0.085 0.33166666666666667 0.023333333333333334 0.10333333333333335
3 0.19666666666666668 0.5916666666666667 0.02 0.14
