3 0.08666666666666667 0.8608333333333333 0.08666666666666667 0.06166666666666667
3 0.022500000000000003 0.7191666666666667 0.021666666666666667 0.18833333333333335
3 0.11750000000000001 0.6808333333333334 0.058333333333333334 0.055
3 0.29500000000000004 0.8750000000000001 0.043333333333333335 0.08333333333333334
3 0.5666666666666667 0.11583333333333334 0.016666666666666666 0.07166666666666667
3 0.5983333333333334 0.7275 0.023333333333333334 0.21500000000000002
3 0.5841666666666667 0.44 0.028333333333333335 0.31333333333333335
3 0.6241666666666668 0.18833333333333335 0.015000000000000001 0.09333333333333334
3 0.6608333333333334 0.3275 0.021666666666666667 0.4083333333333334
3 0.7066666666666667 0.30250000000000005 0.016666666666666666 0.06166666666666667
3 0.7108333333333334 0.5666666666666667 0.028333333333333335 0.3566666666666667
