1 0.13333333333333333 0.8783333333333334 0.23 0.08
1 0.37333333333333335 0.12083333333333333 0.20333333333333334 0.09166666666666667
1 0.1366666666666667 0.765 0.21666666666666667 0.08
1 0.13 0.6558333333333334 0.21666666666666667 0.07833333333333334
1 0.1275 0.5491666666666667 0.21166666666666667 0.07500000000000001
1 0.12833333333333335 0.4425 0.2066666666666667 0.07500000000000001
1 0.12416666666666668 0.33416666666666667 0.2016666666666667 0.06833333333333334
1 0.37083333333333335 0.2225 0.21166666666666667 0.07500000000000001
1 0.37000000000000005 0.33416666666666667 0.20333333333333334 0.07500000000000001
1 0.37333333333333335 0.4425 0.21000000000000002 0.07833333333333334
1 0.3725 0.5441666666666667 0.21500000000000002 0.08166666666666667
1 0.3775 0.6591666666666667 0.21166666666666667 0.08166666666666667
1 0.38 0.7633333333333334 0.2 0.08
1 0.38083333333333336 0.8708333333333333 0.21500000000000002 0.08166666666666667
