1 0.12250000000000001 0.12666666666666668 0.23500000000000001 0.08666666666666667
1 0.125 0.5575 0.22 0.08166666666666667
1 0.12333333333333334 0.23333333333333334 0.22333333333333336 0.09000000000000001
1 0.12250000000000001 0.33916666666666667 0.22166666666666668 0.09166666666666667
1 0.12250000000000001 0.44583333333333336 0.22166666666666668 0.08833333333333333
1 0.3766666666666667 0.125 0.22333333333333336 0.08
1 0.3725 0.23083333333333333 0.22833333333333336 0.09166666666666667
1 0.37583333333333335 0.3458333333333334 0.21166666666666667 0.085
1 0.3766666666666667 0.4516666666666667 0.21333333333333335 0.08
1 0.3741666666666667 0.5583333333333333 0.21833333333333335 0.08
1 0.6241666666666668 0.12833333333333335 0.21500000000000002 0.08333333333333334
1 0.6333333333333334 0.23750000000000002 0.21666666666666667 0.085
1 0.625 0.3408333333333334 0.22 0.09166666666666667
1 0.6291666666666667 0.4466666666666667 0.22166666666666668 0.08
1 0.6275000000000001 0.5616666666666666 0.20833333333333334 0.07333333333333333
1 0.12916666666666668 0.6675000000000001 0.22166666666666668 0.08166666666666667
1 0.12916666666666668 0.7691666666666667 0.22166666666666668 0.085
1 0.37583333333333335 0.66 0.21500000000000002 0.08
1 0.3791666666666667 0.7683333333333334 0.21500000000000002 0.08333333333333334
1 0.63 0.6625000000000001 0.2066666666666667 0.08166666666666667
1 0.6266666666666667 0.7725000000000001 0.21000000000000002 0.07833333333333334
1 0.37583333333333335 0.8741666666666668 0.20500000000000002 0.085
1 0.6308333333333334 0.8725 0.195 0.06833333333333334
1 0.8500000000000001 0.12583333333333335 0.17 0.07166666666666667
1 0.8550000000000001 0.23 0.16666666666666669 0.08
1 0.8466666666666667 0.3408333333333334 0.16333333333333333 0.07500000000000001
1 0.8516666666666667 0.44583333333333336 0.16666666666666669 0.07833333333333334
1 0.8516666666666667 0.5566666666666668 0.18333333333333335 0.08666666666666667
1 0.8575 0.665 0.17833333333333334 0.08666666666666667
1 0.8575 0.765 0.1716666666666667 0.08
