1 0.1375 0.2941666666666667 0.17500000000000002 0.4083333333333334
1 0.37583333333333335 0.13 0.2316666666666667 0.1
1 0.6308333333333334 0.12916666666666668 0.21833333333333335 0.08833333333333333
1 0.029166666666666667 0.29333333333333333 0.035 0.20333333333333334
1 0.0325 0.13416666666666668 0.028333333333333335 0.09166666666666667
1 0.13583333333333333 0.04416666666666667 0.18166666666666667 0.03833333333333334
1 0.3741666666666667 0.2366666666666667 0.21833333333333335 0.08666666666666667
1 0.6341666666666667 0.23750000000000002 0.21500000000000002 0.085
1 0.635 0.34833333333333333 0.2066666666666667 0.08
1 0.3841666666666667 0.3416666666666667 0.2016666666666667 0.07666666666666667
