1 0.3775 0.1275 0.21500000000000002 0.09166666666666667
1 0.6266666666666667 0.12666666666666668 0.22 0.09000000000000001
4 0.8741666666666668 0.505 0.2516666666666667 0.9900000000000001
1 0.13083333333333333 0.12916666666666668 0.21166666666666667 0.085
1 0.1275 0.23500000000000001 0.20833333333333334 0.08333333333333334
1 0.11333333333333334 0.3466666666666667 0.18333333333333335 0.08
1 0.1275 0.45083333333333336 0.21166666666666667 0.08833333333333333
1 0.12416666666666668 0.56 0.195 0.08
1 0.12833333333333335 0.6708333333333334 0.20333333333333334 0.07500000000000001
1 0.11916666666666667 0.7708333333333334 0.19166666666666668 0.085
1 0.125 0.8866666666666667 0.19 0.08
1 0.3725 0.045000000000000005 0.19166666666666668 0.03333333333333333
1 0.38333333333333336 0.23750000000000002 0.2066666666666667 0.07833333333333334
1 0.38083333333333336 0.3441666666666667 0.21166666666666667 0.08833333333333333
1 0.3775 0.45333333333333337 0.20833333333333334 0.08333333333333334
1 0.3791666666666667 0.5583333333333333 0.20833333333333334 0.09000000000000001
1 0.36250000000000004 0.6658333333333334 0.17833333333333334 0.08166666666666667
1 0.37333333333333335 0.7766666666666667 0.19666666666666668 0.07666666666666667
1 0.6258333333333334 0.23333333333333334 0.21833333333333335 0.08
1 0.615 0.3383333333333334 0.2 0.08333333333333334
