4 0.8700000000000001 0.5033333333333334 0.26 0.9933333333333334
1 0.125 0.1325 0.22666666666666668 0.08833333333333333
1 0.37000000000000005 0.44833333333333336 0.21666666666666667 0.09333333333333334
1 0.6316666666666667 0.8666666666666667 0.21666666666666667 0.26333333333333336
1 0.6158333333333333 0.6608333333333334 0.20833333333333334 0.07833333333333334
1 0.37333333333333335 0.5566666666666668 0.22333333333333336 0.08666666666666667
1 0.3775 0.6625000000000001 0.20500000000000002 0.08166666666666667
1 0.37583333333333335 0.7683333333333334 0.21166666666666667 0.08666666666666667
1 0.3775 0.8741666666666668 0.20833333333333334 0.08833333333333333
1 0.12583333333333335 0.23500000000000001 0.22833333333333336 0.08666666666666667
1 0.12333333333333334 0.3433333333333334 0.22 0.08666666666666667
1 0.12583333333333335 0.45083333333333336 0.225 0.095
1 0.12916666666666668 0.5583333333333333 0.225 0.07666666666666667
1 0.12916666666666668 0.67 0.22166666666666668 0.08333333333333334
1 0.12583333333333335 0.7708333333333334 0.20500000000000002 0.07833333333333334
1 0.12583333333333335 0.88 0.21500000000000002 0.07666666666666667
