1 0.1275 0.1325 0.21500000000000002 0.095
1 0.3816666666666667 0.6708333333333334 0.22333333333333336 0.07500000000000001
1 0.6283333333333334 0.8066666666666668 0.22333333333333336 0.35333333333333333
4 0.8675 0.49833333333333335 0.255 0.9933333333333334
1 0.12583333333333335 0.24000000000000002 0.19833333333333333 0.08
1 0.13416666666666668 0.3458333333333334 0.20833333333333334 0.09166666666666667
1 0.135 0.4591666666666667 0.20333333333333334 0.07833333333333334
1 0.1366666666666667 0.5566666666666668 0.2 0.08666666666666667
1 0.13083333333333333 0.6641666666666667 0.21166666666666667 0.09166666666666667
1 0.135 0.7766666666666667 0.21666666666666667 0.09000000000000001
1 0.1366666666666667 0.8866666666666667 0.19666666666666668 0.08666666666666667
1 0.3791666666666667 0.77 0.20500000000000002 0.09000000000000001
1 0.3791666666666667 0.8750000000000001 0.19833333333333333 0.08666666666666667
