4 0.12416666666666668 0.49750000000000005 0.24166666666666667 0.9916666666666667
1 0.3725 0.6625000000000001 0.23833333333333334 0.08166666666666667
1 0.6291666666666667 0.5491666666666667 0.23500000000000001 0.08833333333333333
1 0.8791666666666668 0.8775000000000001 0.23500000000000001 0.085
3 0.8583333333333334 0.05333333333333334 0.023333333333333334 0.10333333333333335
1 0.37583333333333335 0.76 0.22833333333333336 0.09666666666666668
1 0.3741666666666667 0.8716666666666667 0.23500000000000001 0.08
1 0.39333333333333337 0.5633333333333334 0.18666666666666668 0.05666666666666667
1 0.6275000000000001 0.6625000000000001 0.21833333333333335 0.07500000000000001
1 0.625 0.7633333333333334 0.22333333333333336 0.08666666666666667
1 0.6258333333333334 0.8766666666666667 0.20833333333333334 0.07666666666666667
1 0.8775000000000001 0.7658333333333334 0.225 0.08166666666666667
1 0.8750000000000001 0.6591666666666667 0.21666666666666667 0.07500000000000001
1 0.8733333333333334 0.5475 0.21000000000000002 0.06833333333333334
