1 0.8875000000000001 0.4191666666666667 0.20833333333333334 0.08833333333333333
1 0.8841666666666668 0.31833333333333336 0.17833333333333334 0.08333333333333334
1 0.8808333333333334 0.21750000000000003 0.1716666666666667 0.08166666666666667
1 0.8816666666666667 0.5241666666666667 0.19333333333333336 0.08166666666666667
1 0.88 0.6233333333333334 0.18333333333333335 0.07666666666666667
1 0.88 0.7266666666666667 0.19 0.08
1 0.8891666666666668 0.8316666666666667 0.1716666666666667 0.07666666666666667
1 0.8941666666666668 0.11666666666666667 0.16833333333333333 0.07333333333333333
1 0.6441666666666667 0.7333333333333334 0.17833333333333334 0.06333333333333334
1 0.6541666666666667 0.8325 0.14166666666666666 0.058333333333333334
1 0.645 0.6325000000000001 0.15666666666666668 0.055
1 0.3891666666666667 0.7308333333333333 0.14833333333333334 0.058333333333333334
1 0.4 0.8300000000000001 0.12666666666666668 0.05333333333333334
1 0.3891666666666667 0.6275000000000001 0.16166666666666668 0.06833333333333334
