1 0.13833333333333334 0.33083333333333337 0.19 0.07833333333333334
1 0.4091666666666667 0.11666666666666667 0.165 0.08
1 0.6333333333333334 0.6575000000000001 0.19333333333333336 0.07833333333333334
1 0.8891666666666668 0.7625000000000001 0.2016666666666667 0.06833333333333334
1 0.8858333333333334 0.655 0.18166666666666667 0.07666666666666667
1 0.8833333333333334 0.225 0.18666666666666668 0.08666666666666667
1 0.6516666666666667 0.55 0.18000000000000002 0.07666666666666667
1 0.15083333333333335 0.22 0.12833333333333335 0.07
1 0.14083333333333334 0.43333333333333335 0.18166666666666667 0.08333333333333334
1 0.14333333333333334 0.5458333333333334 0.18000000000000002 0.08166666666666667
1 0.1391666666666667 0.6516666666666667 0.17833333333333334 0.07
1 0.14250000000000002 0.7625000000000001 0.18166666666666667 0.07833333333333334
1 0.14416666666666667 0.8683333333333334 0.18500000000000003 0.08333333333333334
1 0.38833333333333336 0.2225 0.19 0.08166666666666667
1 0.3925 0.3325 0.18500000000000003 0.085
1 0.39333333333333337 0.44083333333333335 0.18333333333333335 0.08166666666666667
1 0.3866666666666667 0.5508333333333334 0.2066666666666667 0.07833333333333334
1 0.3791666666666667 0.6541666666666667 0.20500000000000002 0.09166666666666667
1 0.3816666666666667 0.7633333333333334 0.21000000000000002 0.08
1 0.3891666666666667 0.8708333333333333 0.20833333333333334 0.085
1 0.64 0.7675000000000001 0.17333333333333334 0.07166666666666667
1 0.6358333333333334 0.8750000000000001 0.16833333333333333 0.07333333333333333
1 0.8775000000000001 0.3358333333333334 0.17833333333333334 0.07833333333333334
1 0.8858333333333334 0.4425 0.2016666666666667 0.085
1 0.8858333333333334 0.55 0.18833333333333335 0.09000000000000001
1 0.88 0.8741666666666668 0.16 0.07833333333333334
