4 0.8725 0.49333333333333335 0.255 0.9833333333333334
1 0.625 0.8033333333333333 0.19333333333333336 0.3566666666666667
1 0.12416666666666668 0.4516666666666667 0.21833333333333335 0.09000000000000001
1 0.13166666666666668 0.34500000000000003 0.2 0.09000000000000001
1 0.13833333333333334 0.13333333333333333 0.19333333333333336 0.07666666666666667
1 0.13416666666666668 0.23500000000000001 0.19166666666666668 0.09000000000000001
1 0.12916666666666668 0.5616666666666666 0.19166666666666668 0.08
1 0.1325 0.6666666666666667 0.195 0.07333333333333333
1 0.1275 0.7725000000000001 0.20500000000000002 0.08833333333333333
1 0.14 0.8791666666666668 0.18666666666666668 0.08833333333333333
1 0.39583333333333337 0.775 0.17500000000000002 0.08
1 0.3891666666666667 0.8766666666666667 0.19166666666666668 0.09000000000000001
