1 0.3741666666666667 0.4416666666666667 0.2316666666666667 0.08
1 0.6291666666666667 0.22916666666666669 0.21500000000000002 0.07166666666666667
1 0.8816666666666667 0.11833333333333335 0.22 0.08333333333333334
1 0.3741666666666667 0.12250000000000001 0.20833333333333334 0.08166666666666667
1 0.3725 0.6558333333333334 0.225 0.085
1 0.37583333333333335 0.23083333333333333 0.19833333333333333 0.07833333333333334
1 0.37333333333333335 0.3375 0.2 0.085
1 0.3775 0.5533333333333333 0.22833333333333336 0.08666666666666667
1 0.3766666666666667 0.7641666666666667 0.21666666666666667 0.07833333333333334
1 0.63 0.33916666666666667 0.21333333333333335 0.07166666666666667
1 0.6266666666666667 0.44583333333333336 0.2066666666666667 0.07833333333333334
1 0.6308333333333334 0.5525 0.19833333333333333 0.07833333333333334
1 0.6325000000000001 0.6633333333333333 0.21833333333333335 0.08
1 0.6366666666666667 0.7716666666666667 0.22333333333333336 0.07333333333333333
1 0.6383333333333334 0.8783333333333334 0.21333333333333335 0.08666666666666667
1 0.8833333333333334 0.2275 0.21333333333333335 0.07166666666666667
1 0.8875000000000001 0.335 0.20500000000000002 0.09333333333333334
1 0.8816666666666667 0.44333333333333336 0.19333333333333336 0.07333333333333333
1 0.8775000000000001 0.5483333333333333 0.195 0.09000000000000001
1 0.885 0.665 0.18666666666666668 0.07
1 0.8866666666666667 0.77 0.2 0.08333333333333334
1 0.8808333333333334 0.8766666666666667 0.21500000000000002 0.08666666666666667
