0 0.5866666666666667 0.1325 0.15000000000000002 0.26166666666666666
3 0.4575 0.7158333333333334 0.028333333333333335 0.095
3 0.9233333333333333 0.645 0.04 0.09333333333333334
3 0.7225 0.45583333333333337 0.018333333333333333 0.05166666666666667
3 0.14750000000000002 0.06583333333333334 0.03166666666666667 0.07833333333333334
3 0.2316666666666667 0.08916666666666667 0.043333333333333335 0.12833333333333335
3 0.4666666666666667 0.9400000000000001 0.03333333333333333 0.043333333333333335
3 0.2225 0.32333333333333336 0.05166666666666667 0.08666666666666667
3 0.9416666666666668 0.7616666666666667 0.043333333333333335 0.07666666666666667
3 0.6941666666666667 0.7375 0.021666666666666667 0.10500000000000001
3 0.7708333333333334 0.9008333333333334 0.025 0.03166666666666667
3 0.21666666666666667 0.8550000000000001 0.023333333333333334 0.04
3 0.06833333333333334 0.7200000000000001 0.03333333333333333 0.023333333333333334
