1 0.125 0.12583333333333335 0.23 0.08833333333333333
1 0.125 0.5533333333333333 0.21666666666666667 0.09000000000000001
1 0.37583333333333335 0.7683333333333334 0.20833333333333334 0.09000000000000001
1 0.12250000000000001 0.44833333333333336 0.22833333333333336 0.09000000000000001
1 0.3716666666666667 0.12666666666666668 0.22 0.09000000000000001
1 0.37333333333333335 0.6633333333333333 0.21333333333333335 0.08666666666666667
1 0.8491666666666667 0.12916666666666668 0.16166666666666668 0.08166666666666667
1 0.12416666666666668 0.2325 0.22166666666666668 0.08833333333333333
1 0.12416666666666668 0.3416666666666667 0.21833333333333335 0.08333333333333334
1 0.12916666666666668 0.665 0.22166666666666668 0.08666666666666667
1 0.1275 0.7666666666666667 0.20833333333333334 0.08333333333333334
1 0.37333333333333335 0.23333333333333334 0.22 0.08666666666666667
1 0.3766666666666667 0.3433333333333334 0.21666666666666667 0.08333333333333334
1 0.3766666666666667 0.44833333333333336 0.21666666666666667 0.08333333333333334
1 0.3775 0.5591666666666667 0.20833333333333334 0.09166666666666667
1 0.3825 0.8775000000000001 0.18500000000000003 0.07500000000000001
1 0.12583333333333335 0.8750000000000001 0.2016666666666667 0.06666666666666667
1 0.6225 0.12166666666666667 0.21166666666666667 0.08
1 0.6266666666666667 0.2325 0.2 0.07833333333333334
1 0.37333333333333335 0.037500000000000006 0.18000000000000002 0.035
1 0.63 0.34 0.19666666666666668 0.08
1 0.6275000000000001 0.4525 0.225 0.08166666666666667
1 0.6275000000000001 0.5525 0.2016666666666667 0.08166666666666667
1 0.6325000000000001 0.66 0.20833333333333334 0.08
1 0.8575 0.23500000000000001 0.1716666666666667 0.08333333333333334
1 0.8575 0.3416666666666667 0.16166666666666668 0.07
1 0.8533333333333334 0.45083333333333336 0.14 0.08166666666666667
1 0.8483333333333334 0.5541666666666667 0.13333333333333333 0.07166666666666667
1 0.8525 0.6583333333333333 0.15166666666666667 0.06666666666666667
