4 0.8733333333333334 0.5458333333333334 0.24000000000000002 0.8983333333333334
4 0.5025000000000001 0.045000000000000005 0.9916666666666667 0.08666666666666667
1 0.6383333333333334 0.6225 0.22 0.07500000000000001
1 0.14833333333333334 0.9216666666666667 0.18666666666666668 0.08666666666666667
1 0.39416666666666667 0.6183333333333334 0.20500000000000002 0.08333333333333334
1 0.6358333333333334 0.7166666666666667 0.20500000000000002 0.08
1 0.6416666666666667 0.8250000000000001 0.18333333333333335 0.06666666666666667
1 0.39416666666666667 0.7225 0.2016666666666667 0.07500000000000001
1 0.395 0.8225 0.2 0.085
1 0.39416666666666667 0.9216666666666667 0.18500000000000003 0.07333333333333333
1 0.14750000000000002 0.8216666666666668 0.18833333333333335 0.06666666666666667
1 0.15333333333333335 0.7200000000000001 0.14666666666666667 0.05666666666666667
1 0.6358333333333334 0.5375000000000001 0.18500000000000003 0.04166666666666667
1 0.39583333333333337 0.5316666666666667 0.165 0.043333333333333335
