1 0.12916666666666668 0.4741666666666667 0.21166666666666667 0.9216666666666667
1 0.8750000000000001 0.12833333333333335 0.22333333333333336 0.08
1 0.6766666666666667 0.13083333333333333 0.14 0.08166666666666667
1 0.3775 0.12583333333333335 0.20500000000000002 0.09166666666666667
1 0.37333333333333335 0.555 0.21000000000000002 0.08666666666666667
1 0.3741666666666667 0.2341666666666667 0.21166666666666667 0.07833333333333334
1 0.3766666666666667 0.3433333333333334 0.21000000000000002 0.08
1 0.38583333333333336 0.4525 0.21833333333333335 0.07166666666666667
1 0.38083333333333336 0.665 0.20500000000000002 0.07333333333333333
1 0.3891666666666667 0.7741666666666667 0.21166666666666667 0.07500000000000001
1 0.6566666666666667 0.23750000000000002 0.16 0.07500000000000001
1 0.6583333333333333 0.3491666666666667 0.17333333333333334 0.07500000000000001
1 0.6625000000000001 0.45 0.155 0.07333333333333333
1 0.8841666666666668 0.24083333333333334 0.20833333333333334 0.07833333333333334
1 0.8858333333333334 0.34500000000000003 0.20500000000000002 0.08333333333333334
1 0.8816666666666667 0.45083333333333336 0.21000000000000002 0.07833333333333334
1 0.8983333333333334 0.5633333333333334 0.16333333333333333 0.08
1 0.9033333333333334 0.6641666666666667 0.16666666666666669 0.07166666666666667
1 0.9391666666666667 0.7733333333333334 0.08833333333333333 0.07666666666666667
1 0.6900000000000001 0.5591666666666667 0.08 0.07500000000000001
