1 0.1325 0.6608333333333334 0.21833333333333335 0.09166666666666667
1 0.37583333333333335 0.23 0.22833333333333336 0.09333333333333334
1 0.6208333333333333 0.22916666666666669 0.225 0.085
1 0.8716666666666667 0.8083333333333333 0.21666666666666667 0.3566666666666667
1 0.155 0.2275 0.15333333333333335 0.09833333333333334
1 0.37000000000000005 0.12916666666666668 0.21666666666666667 0.07833333333333334
1 0.8716666666666667 0.17500000000000002 0.21000000000000002 0.3066666666666667
1 0.8716666666666667 0.4791666666666667 0.21666666666666667 0.29500000000000004
1 0.14250000000000002 0.3416666666666667 0.18833333333333335 0.07666666666666667
1 0.14083333333333334 0.445 0.195 0.08333333333333334
1 0.13333333333333333 0.5541666666666667 0.21000000000000002 0.07833333333333334
1 0.13333333333333333 0.7675000000000001 0.19666666666666668 0.08833333333333333
1 0.1325 0.8741666666666668 0.2016666666666667 0.08833333333333333
1 0.37583333333333335 0.33916666666666667 0.22166666666666668 0.07833333333333334
1 0.3741666666666667 0.44833333333333336 0.21833333333333335 0.09000000000000001
1 0.375 0.5516666666666667 0.22666666666666668 0.09000000000000001
1 0.375 0.66 0.22666666666666668 0.09000000000000001
1 0.37000000000000005 0.7683333333333334 0.22666666666666668 0.08666666666666667
1 0.38083333333333336 0.8766666666666667 0.20833333333333334 0.08333333333333334
1 0.6283333333333334 0.33666666666666667 0.22666666666666668 0.08333333333333334
1 0.6275000000000001 0.4425 0.22166666666666668 0.08166666666666667
1 0.63 0.55 0.22333333333333336 0.09000000000000001
1 0.63 0.6616666666666667 0.21666666666666667 0.08333333333333334
1 0.63 0.7691666666666667 0.21333333333333335 0.09166666666666667
1 0.6316666666666667 0.8750000000000001 0.22333333333333336 0.09666666666666668
