1 0.3741666666666667 0.5041666666666667 0.21833333333333335 0.9650000000000001
1 0.12000000000000001 0.23 0.21666666666666667 0.08
1 0.8916666666666667 0.3383333333333334 0.19 0.07666666666666667
1 0.6375000000000001 0.6641666666666667 0.18833333333333335 0.07166666666666667
1 0.12083333333333333 0.3375 0.21500000000000002 0.085
1 0.1275 0.4425 0.21833333333333335 0.08166666666666667
1 0.12916666666666668 0.5475 0.22166666666666668 0.085
1 0.13083333333333333 0.6583333333333333 0.22166666666666668 0.09000000000000001
1 0.13416666666666668 0.7675000000000001 0.22166666666666668 0.085
1 0.13416666666666668 0.8725 0.21500000000000002 0.08166666666666667
1 0.6366666666666667 0.7741666666666667 0.18000000000000002 0.06833333333333334
1 0.6491666666666667 0.8841666666666668 0.18166666666666667 0.065
1 0.8883333333333334 0.44583333333333336 0.19 0.06833333333333334
1 0.8791666666666668 0.5541666666666667 0.19166666666666668 0.07833333333333334
1 0.8733333333333334 0.6583333333333333 0.19666666666666668 0.08333333333333334
1 0.8741666666666668 0.7675000000000001 0.20833333333333334 0.08833333333333333
1 0.8783333333333334 0.8775000000000001 0.20333333333333334 0.07833333333333334
