1 0.12583333333333335 0.23083333333333333 0.22166666666666668 0.08833333333333333
1 0.35083333333333333 0.12083333333333333 0.16833333333333333 0.08833333333333333
1 0.12250000000000001 0.33416666666666667 0.21166666666666667 0.085
1 0.13 0.4416666666666667 0.21333333333333335 0.08333333333333334
1 0.12666666666666668 0.5483333333333333 0.22 0.08666666666666667
1 0.1325 0.6616666666666667 0.20833333333333334 0.07666666666666667
1 0.13333333333333333 0.7666666666666667 0.22666666666666668 0.08333333333333334
1 0.135 0.8758333333333334 0.21666666666666667 0.085
1 0.12833333333333335 0.9583333333333334 0.2066666666666667 0.04
1 0.3766666666666667 0.23333333333333334 0.21000000000000002 0.08
1 0.38083333333333336 0.335 0.20833333333333334 0.08
1 0.3791666666666667 0.44583333333333336 0.21500000000000002 0.08166666666666667
1 0.37833333333333335 0.5483333333333333 0.22 0.09000000000000001
1 0.38083333333333336 0.6583333333333333 0.21500000000000002 0.08333333333333334
1 0.3791666666666667 0.8175 0.2016666666666667 0.195
1 0.37583333333333335 0.9558333333333334 0.20833333333333334 0.045000000000000005
