1 0.13083333333333333 0.33666666666666667 0.21833333333333335 0.08
1 0.37333333333333335 0.225 0.21000000000000002 0.08666666666666667
1 0.36750000000000005 0.11750000000000001 0.19166666666666668 0.08833333333333333
1 0.375 0.33333333333333337 0.21666666666666667 0.09000000000000001
1 0.37583333333333335 0.4425 0.20500000000000002 0.07166666666666667
1 0.3766666666666667 0.5525 0.2066666666666667 0.085
1 0.3816666666666667 0.6575000000000001 0.22 0.08166666666666667
1 0.3816666666666667 0.7675000000000001 0.22333333333333336 0.07833333333333334
1 0.3825 0.8750000000000001 0.20500000000000002 0.08
1 0.12916666666666668 0.445 0.21500000000000002 0.07666666666666667
1 0.13166666666666668 0.5475 0.21000000000000002 0.07500000000000001
1 0.13166666666666668 0.6558333333333334 0.22666666666666668 0.08833333333333333
1 0.12916666666666668 0.765 0.21500000000000002 0.07
1 0.13166666666666668 0.8700000000000001 0.2066666666666667 0.08333333333333334
