1 0.3666666666666667 0.12000000000000001 0.21000000000000002 0.09333333333333334
1 0.6258333333333334 0.22583333333333336 0.20833333333333334 0.095
1 0.8791666666666668 0.66 0.21166666666666667 0.09666666666666668
1 0.37583333333333335 0.6541666666666667 0.22833333333333336 0.095
1 0.8716666666666667 0.12333333333333334 0.21000000000000002 0.1
1 0.8775000000000001 0.23083333333333333 0.225 0.09166666666666667
1 0.88 0.33916666666666667 0.21333333333333335 0.095
1 0.88 0.4416666666666667 0.22333333333333336 0.09333333333333334
1 0.8808333333333334 0.5541666666666667 0.21833333333333335 0.09166666666666667
1 0.8783333333333334 0.8225 0.20333333333333334 0.2016666666666667
1 0.8691666666666668 0.9591666666666667 0.195 0.03833333333333334
1 0.6291666666666667 0.3375 0.20833333333333334 0.09166666666666667
1 0.6266666666666667 0.44583333333333336 0.2066666666666667 0.08166666666666667
1 0.63 0.5491666666666667 0.21333333333333335 0.09166666666666667
1 0.6291666666666667 0.6591666666666667 0.20833333333333334 0.09166666666666667
1 0.63 0.7691666666666667 0.22333333333333336 0.09166666666666667
1 0.6258333333333334 0.8733333333333334 0.22166666666666668 0.09333333333333334
1 0.6175 0.9533333333333334 0.17500000000000002 0.043333333333333335
1 0.37583333333333335 0.23083333333333333 0.21833333333333335 0.085
1 0.3691666666666667 0.33333333333333337 0.21166666666666667 0.08333333333333334
1 0.375 0.445 0.21666666666666667 0.08333333333333334
1 0.3741666666666667 0.5516666666666667 0.21833333333333335 0.08333333333333334
1 0.3766666666666667 0.7641666666666667 0.22333333333333336 0.08833333333333333
1 0.3741666666666667 0.8708333333333333 0.22166666666666668 0.07833333333333334
