1 0.12000000000000001 0.4941666666666667 0.22 0.9616666666666668
1 0.37333333333333335 0.23 0.20333333333333334 0.09333333333333334
1 0.6225 0.12250000000000001 0.225 0.09166666666666667
1 0.8541666666666667 0.12583333333333335 0.2016666666666667 0.07833333333333334
1 0.37000000000000005 0.33666666666666667 0.21000000000000002 0.07666666666666667
1 0.37000000000000005 0.4441666666666667 0.22666666666666668 0.085
1 0.3716666666666667 0.5516666666666667 0.22666666666666668 0.08333333333333334
1 0.3716666666666667 0.6591666666666667 0.21333333333333335 0.09166666666666667
1 0.375 0.7758333333333334 0.22333333333333336 0.08833333333333333
1 0.37000000000000005 0.8775000000000001 0.22666666666666668 0.09166666666666667
1 0.37000000000000005 0.9625 0.20333333333333334 0.04833333333333334
1 0.6258333333333334 0.22833333333333336 0.22166666666666668 0.09333333333333334
1 0.6275000000000001 0.3408333333333334 0.22166666666666668 0.09166666666666667
1 0.6258333333333334 0.4475 0.21833333333333335 0.09166666666666667
1 0.6283333333333334 0.5508333333333334 0.21666666666666667 0.09166666666666667
1 0.6258333333333334 0.6608333333333334 0.21500000000000002 0.10500000000000001
1 0.6275000000000001 0.77 0.21500000000000002 0.09000000000000001
1 0.6291666666666667 0.8766666666666667 0.21166666666666667 0.09000000000000001
1 0.8550000000000001 0.22333333333333336 0.2 0.08333333333333334
1 0.8558333333333333 0.335 0.18166666666666667 0.07666666666666667
1 0.8591666666666667 0.44 0.18166666666666667 0.07666666666666667
1 0.8600000000000001 0.5516666666666667 0.18333333333333335 0.07666666666666667
1 0.8550000000000001 0.66 0.18666666666666668 0.08
1 0.8583333333333334 0.765 0.19333333333333336 0.08
1 0.8541666666666667 0.8775000000000001 0.1716666666666667 0.08166666666666667
