1 0.3666666666666667 0.12416666666666668 0.22 0.09166666666666667
1 0.62 0.12583333333333335 0.22666666666666668 0.085
1 0.8841666666666668 0.045000000000000005 0.21500000000000002 0.04666666666666667
1 0.6175 0.23750000000000002 0.21833333333333335 0.09166666666666667
1 0.3816666666666667 0.043333333333333335 0.19 0.043333333333333335
1 0.3725 0.23583333333333334 0.2316666666666667 0.08833333333333333
1 0.3741666666666667 0.3416666666666667 0.22833333333333336 0.09000000000000001
1 0.3775 0.4475 0.21833333333333335 0.09166666666666667
1 0.38083333333333336 0.5616666666666666 0.21833333333333335 0.08
1 0.37833333333333335 0.6666666666666667 0.20333333333333334 0.07333333333333333
1 0.39583333333333337 0.7716666666666667 0.18166666666666667 0.08
1 0.6275000000000001 0.34500000000000003 0.225 0.08666666666666667
1 0.6291666666666667 0.66 0.22166666666666668 0.51
1 0.8758333333333334 0.125 0.22833333333333336 0.08666666666666667
1 0.8766666666666667 0.23583333333333334 0.22666666666666668 0.085
1 0.88 0.34500000000000003 0.22 0.08333333333333334
1 0.88 0.4541666666666667 0.21333333333333335 0.08833333333333333
1 0.8825000000000001 0.56 0.21500000000000002 0.08333333333333334
1 0.88 0.67 0.22666666666666668 0.08333333333333334
1 0.8866666666666667 0.7758333333333334 0.22 0.085
1 0.8858333333333334 0.8808333333333334 0.21500000000000002 0.08166666666666667
1 0.6258333333333334 0.04583333333333334 0.19833333333333333 0.03833333333333334
