1 0.12916666666666668 0.3408333333333334 0.18500000000000003 0.08166666666666667
1 0.37083333333333335 0.445 0.19833333333333333 0.08333333333333334
1 0.6166666666666667 0.66 0.21000000000000002 0.09000000000000001
1 0.8600000000000001 0.6633333333333333 0.2066666666666667 0.08666666666666667
1 0.6166666666666667 0.5491666666666667 0.21666666666666667 0.08166666666666667
1 0.5966666666666667 0.765 0.17 0.08666666666666667
1 0.6158333333333333 0.44833333333333336 0.20833333333333334 0.09000000000000001
1 0.6233333333333334 0.12416666666666668 0.18666666666666668 0.08166666666666667
1 0.6133333333333334 0.22916666666666669 0.20333333333333334 0.08166666666666667
1 0.6175 0.33416666666666667 0.19833333333333333 0.085
1 0.6216666666666667 0.8775000000000001 0.21333333333333335 0.07500000000000001
1 0.3775 0.5516666666666667 0.195 0.08333333333333334
1 0.36583333333333334 0.6625000000000001 0.21166666666666667 0.085
1 0.3691666666666667 0.7683333333333334 0.21833333333333335 0.08
1 0.3741666666666667 0.8766666666666667 0.20500000000000002 0.08333333333333334
1 0.12333333333333334 0.445 0.19333333333333336 0.07333333333333333
1 0.125 0.5475 0.19333333333333336 0.085
1 0.12916666666666668 0.655 0.19833333333333333 0.08333333333333334
1 0.10500000000000001 0.7683333333333334 0.14333333333333334 0.08
1 0.8691666666666668 0.5508333333333334 0.18166666666666667 0.07500000000000001
1 0.8425 0.7716666666666667 0.155 0.08
1 0.8633333333333334 0.8733333333333334 0.17666666666666667 0.07666666666666667
