1 0.13083333333333333 0.4416666666666667 0.23500000000000001 0.09000000000000001
1 0.37333333333333335 0.7925000000000001 0.22 0.36833333333333335
1 0.35083333333333333 0.13 0.155 0.060000000000000005
1 0.12083333333333333 0.22833333333333336 0.21833333333333335 0.08
1 0.12833333333333335 0.3375 0.22333333333333336 0.07500000000000001
1 0.13333333333333333 0.5516666666666667 0.22333333333333336 0.09000000000000001
1 0.13333333333333333 0.6558333333333334 0.22 0.085
1 0.13083333333333333 0.7641666666666667 0.21500000000000002 0.08166666666666667
1 0.1366666666666667 0.8733333333333334 0.22666666666666668 0.09000000000000001
1 0.12416666666666668 0.9608333333333334 0.20500000000000002 0.05166666666666667
1 0.3725 0.22416666666666668 0.21166666666666667 0.07833333333333334
1 0.3775 0.5483333333333333 0.225 0.08666666666666667
1 0.38333333333333336 0.33916666666666667 0.21666666666666667 0.08166666666666667
1 0.3766666666666667 0.4425 0.22666666666666668 0.095
