1 0.37333333333333335 0.33666666666666667 0.2 0.08333333333333334
1 0.635 0.33166666666666667 0.18333333333333335 0.08
1 0.3691666666666667 0.22833333333333336 0.1716666666666667 0.08
1 0.3741666666666667 0.44333333333333336 0.195 0.07333333333333333
1 0.3716666666666667 0.5483333333333333 0.18333333333333335 0.08666666666666667
1 0.3766666666666667 0.66 0.17666666666666667 0.08666666666666667
1 0.37833333333333335 0.7633333333333334 0.17666666666666667 0.07333333333333333
1 0.3816666666666667 0.8641666666666667 0.16333333333333333 0.07833333333333334
1 0.6366666666666667 0.43833333333333335 0.18000000000000002 0.08
1 0.6341666666666667 0.5483333333333333 0.18166666666666667 0.08
1 0.6316666666666667 0.6516666666666667 0.17 0.08333333333333334
1 0.6408333333333334 0.7575000000000001 0.1716666666666667 0.08166666666666667
1 0.6366666666666667 0.23583333333333334 0.15000000000000002 0.058333333333333334
