1 0.11833333333333335 0.12083333333333333 0.22 0.08833333333333333
1 0.35500000000000004 0.12000000000000001 0.18333333333333335 0.08666666666666667
1 0.8516666666666667 0.12583333333333335 0.2066666666666667 0.09166666666666667
1 0.8500000000000001 0.23083333333333333 0.20333333333333334 0.08833333333333333
1 0.1125 0.22833333333333336 0.21833333333333335 0.07666666666666667
1 0.11916666666666667 0.33666666666666667 0.21166666666666667 0.09333333333333334
1 0.12083333333333333 0.4425 0.21166666666666667 0.085
1 0.12583333333333335 0.555 0.2016666666666667 0.09333333333333334
1 0.12250000000000001 0.6591666666666667 0.20833333333333334 0.095
1 0.12083333333333333 0.775 0.2016666666666667 0.08
1 0.12000000000000001 0.8766666666666667 0.16333333333333333 0.07666666666666667
1 0.3666666666666667 0.22833333333333336 0.18666666666666668 0.07333333333333333
1 0.36833333333333335 0.3375 0.19333333333333336 0.08166666666666667
1 0.37333333333333335 0.44583333333333336 0.18666666666666668 0.07833333333333334
1 0.37333333333333335 0.5566666666666668 0.18666666666666668 0.08333333333333334
1 0.8525 0.34500000000000003 0.19166666666666668 0.07666666666666667
1 0.8550000000000001 0.45083333333333336 0.19333333333333336 0.085
1 0.8483333333333334 0.5541666666666667 0.2 0.08166666666666667
1 0.8475 0.6608333333333334 0.18166666666666667 0.085
1 0.8566666666666667 0.7791666666666667 0.16333333333333333 0.07500000000000001
1 0.6366666666666667 0.445 0.13 0.07333333333333333
1 0.6191666666666668 0.3416666666666667 0.155 0.06666666666666667
1 0.6241666666666668 0.2366666666666667 0.16166666666666668 0.07
1 0.6316666666666667 0.5508333333333334 0.11333333333333334 0.07500000000000001
1 0.3616666666666667 0.6558333333333334 0.19666666666666668 0.07166666666666667
1 0.33166666666666667 0.7641666666666667 0.12000000000000001 0.07166666666666667
