4 0.8708333333333333 0.49583333333333335 0.24500000000000002 0.9883333333333334
1 0.625 0.037500000000000006 0.21666666666666667 0.05166666666666667
1 0.375 0.12416666666666668 0.19 0.07500000000000001
1 0.37583333333333335 0.23 0.20833333333333334 0.08333333333333334
1 0.6175 0.12083333333333333 0.21166666666666667 0.08166666666666667
1 0.6208333333333333 0.23333333333333334 0.21500000000000002 0.08333333333333334
1 0.6166666666666667 0.3216666666666667 0.18333333333333335 0.05
1 0.3775 0.31833333333333336 0.16833333333333333 0.05
1 0.125 0.23083333333333333 0.16333333333333333 0.07500000000000001
1 0.16833333333333333 0.33 0.09000000000000001 0.07333333333333333
1 0.16416666666666668 0.11750000000000001 0.085 0.07166666666666667
