1 0.8833333333333334 0.04166666666666667 0.21666666666666667 0.04666666666666667
1 0.6316666666666667 0.03833333333333334 0.21666666666666667 0.05333333333333334
1 0.3716666666666667 0.125 0.23 0.09333333333333334
1 0.8733333333333334 0.12583333333333335 0.22666666666666668 0.085
1 0.8758333333333334 0.2341666666666667 0.22833333333333336 0.09833333333333334
1 0.8783333333333334 0.3433333333333334 0.22666666666666668 0.08666666666666667
1 0.88 0.4516666666666667 0.2366666666666667 0.09333333333333334
1 0.8816666666666667 0.5575 0.22333333333333336 0.08833333333333333
1 0.8841666666666668 0.6641666666666667 0.2316666666666667 0.08833333333333333
1 0.8816666666666667 0.7741666666666667 0.2366666666666667 0.09166666666666667
1 0.8833333333333334 0.8775000000000001 0.23333333333333334 0.09166666666666667
1 0.6258333333333334 0.12916666666666668 0.23833333333333334 0.08166666666666667
1 0.6258333333333334 0.23500000000000001 0.22833333333333336 0.08666666666666667
1 0.6275000000000001 0.3458333333333334 0.22833333333333336 0.08833333333333333
1 0.6258333333333334 0.6633333333333333 0.22166666666666668 0.5233333333333333
1 0.6241666666666668 0.9633333333333334 0.195 0.043333333333333335
1 0.3741666666666667 0.23833333333333334 0.225 0.08
1 0.3766666666666667 0.3408333333333334 0.22 0.09833333333333334
1 0.38 0.44583333333333336 0.22 0.08833333333333333
1 0.37833333333333335 0.5575 0.22 0.08833333333333333
1 0.3866666666666667 0.6675000000000001 0.2066666666666667 0.07500000000000001
1 0.3816666666666667 0.7708333333333334 0.20333333333333334 0.07500000000000001
1 0.40750000000000003 0.8775000000000001 0.16833333333333333 0.09166666666666667
