1 0.88 0.12333333333333334 0.23 0.08333333333333334
1 0.6333333333333334 0.12333333333333334 0.18666666666666668 0.08333333333333334
1 0.3775 0.12083333333333333 0.2016666666666667 0.08833333333333333
1 0.8816666666666667 0.2316666666666667 0.22 0.09333333333333334
1 0.8791666666666668 0.33666666666666667 0.2316666666666667 0.09000000000000001
1 0.8791666666666668 0.4466666666666667 0.22166666666666668 0.07666666666666667
1 0.8825000000000001 0.5616666666666666 0.21166666666666667 0.08
1 0.8866666666666667 0.6633333333333333 0.21666666666666667 0.08333333333333334
1 0.8916666666666667 0.7733333333333334 0.21666666666666667 0.07666666666666667
1 0.3791666666666667 0.3375 0.20500000000000002 0.09166666666666667
1 0.3841666666666667 0.2341666666666667 0.2016666666666667 0.085
1 0.3875 0.4441666666666667 0.195 0.085
1 0.38833333333333336 0.5508333333333334 0.17666666666666667 0.08166666666666667
1 0.63 0.23333333333333334 0.21333333333333335 0.08666666666666667
1 0.6316666666666667 0.3458333333333334 0.19333333333333336 0.07166666666666667
1 0.63 0.445 0.19666666666666668 0.08333333333333334
1 0.6316666666666667 0.5566666666666668 0.18333333333333335 0.08
1 0.6341666666666667 0.6558333333333334 0.19166666666666668 0.08166666666666667
1 0.64 0.7658333333333334 0.18000000000000002 0.085
1 0.38833333333333336 0.6658333333333334 0.15666666666666668 0.07500000000000001
1 0.6633333333333333 0.8816666666666667 0.13333333333333333 0.07
1 0.895 0.8741666666666668 0.18000000000000002 0.07166666666666667
