1 0.1275 0.88 0.2316666666666667 0.08333333333333334
1 0.8808333333333334 0.22583333333333336 0.22166666666666668 0.08166666666666667
1 0.3775 0.9666666666666667 0.17833333333333334 0.05333333333333334
1 0.6258333333333334 0.8775000000000001 0.19833333333333333 0.08833333333333333
1 0.8808333333333334 0.33666666666666667 0.2316666666666667 0.08333333333333334
1 0.8825000000000001 0.44583333333333336 0.22166666666666668 0.07833333333333334
1 0.88 0.5475 0.21666666666666667 0.085
1 0.88 0.6608333333333334 0.21333333333333335 0.08833333333333333
1 0.8783333333333334 0.7725000000000001 0.21666666666666667 0.085
1 0.8791666666666668 0.88 0.22166666666666668 0.09333333333333334
1 0.6266666666666667 0.7691666666666667 0.2066666666666667 0.08166666666666667
1 0.6316666666666667 0.6658333333333334 0.20333333333333334 0.07500000000000001
1 0.6516666666666667 0.5508333333333334 0.16333333333333333 0.065
1 0.645 0.4441666666666667 0.17 0.06833333333333334
1 0.3791666666666667 0.8775000000000001 0.22833333333333336 0.08166666666666667
1 0.3766666666666667 0.77 0.21000000000000002 0.07666666666666667
1 0.37833333333333335 0.665 0.21000000000000002 0.08
1 0.3766666666666667 0.555 0.21666666666666667 0.08333333333333334
1 0.3775 0.4491666666666667 0.21166666666666667 0.07500000000000001
1 0.37833333333333335 0.33916666666666667 0.20333333333333334 0.07833333333333334
1 0.12916666666666668 0.7725000000000001 0.22166666666666668 0.07833333333333334
1 0.12833333333333335 0.6608333333333334 0.22333333333333336 0.085
1 0.12583333333333335 0.5525 0.20833333333333334 0.07500000000000001
1 0.12583333333333335 0.43833333333333335 0.19833333333333333 0.07
1 0.13 0.33666666666666667 0.2066666666666667 0.08
1 0.13083333333333333 0.9600000000000001 0.21500000000000002 0.03666666666666667
1 0.37583333333333335 0.23 0.19166666666666668 0.06666666666666667
1 0.12250000000000001 0.22916666666666669 0.21166666666666667 0.07833333333333334
