1 0.11916666666666667 0.4425 0.22166666666666668 0.7316666666666667
1 0.3591666666666667 0.9641666666666667 0.18166666666666667 0.055
1 0.3666666666666667 0.8825000000000001 0.21333333333333335 0.085
1 0.6133333333333334 0.9633333333333334 0.22 0.05
1 0.8425 0.115 0.16833333333333333 0.08666666666666667
1 0.8591666666666667 0.5491666666666667 0.17833333333333334 0.095
1 0.11833333333333335 0.037500000000000006 0.21666666666666667 0.04166666666666667
1 0.1275 0.8758333333333334 0.225 0.09166666666666667
1 0.11750000000000001 0.9541666666666667 0.21500000000000002 0.04166666666666667
1 0.36833333333333335 0.7675000000000001 0.22333333333333336 0.08833333333333333
1 0.37083333333333335 0.6566666666666667 0.21500000000000002 0.08
1 0.3666666666666667 0.5508333333333334 0.2066666666666667 0.08166666666666667
1 0.37000000000000005 0.4441666666666667 0.19666666666666668 0.08166666666666667
1 0.36833333333333335 0.3375 0.21333333333333335 0.08166666666666667
1 0.36250000000000004 0.2325 0.21166666666666667 0.06833333333333334
1 0.6275000000000001 0.8716666666666667 0.22833333333333336 0.09666666666666668
1 0.6291666666666667 0.77 0.225 0.08666666666666667
1 0.6325000000000001 0.6591666666666667 0.21500000000000002 0.085
1 0.6291666666666667 0.5491666666666667 0.22166666666666668 0.09166666666666667
1 0.6283333333333334 0.4475 0.21666666666666667 0.08166666666666667
1 0.6233333333333334 0.33333333333333337 0.21000000000000002 0.08
1 0.6225 0.23500000000000001 0.21166666666666667 0.08333333333333334
1 0.6325000000000001 0.12166666666666667 0.21166666666666667 0.08666666666666667
1 0.8550000000000001 0.2316666666666667 0.17666666666666667 0.08
1 0.8533333333333334 0.33083333333333337 0.18000000000000002 0.065
1 0.8558333333333333 0.44833333333333336 0.16833333333333333 0.08333333333333334
1 0.8658333333333333 0.66 0.2016666666666667 0.08666666666666667
1 0.8625 0.765 0.18833333333333335 0.08333333333333334
1 0.8575 0.8783333333333334 0.18500000000000003 0.07666666666666667
