1 0.8825000000000001 0.037500000000000006 0.20833333333333334 0.05166666666666667
1 0.6258333333333334 0.8766666666666667 0.22833333333333336 0.08666666666666667
1 0.37583333333333335 0.12416666666666668 0.21833333333333335 0.09166666666666667
1 0.37083333333333335 0.6633333333333333 0.21500000000000002 0.09000000000000001
1 0.3766666666666667 0.2341666666666667 0.20333333333333334 0.08833333333333333
1 0.37000000000000005 0.3416666666666667 0.21333333333333335 0.08666666666666667
1 0.37833333333333335 0.44833333333333336 0.21333333333333335 0.08333333333333334
1 0.3775 0.5625 0.22166666666666668 0.09166666666666667
1 0.38 0.775 0.21000000000000002 0.08666666666666667
1 0.6366666666666667 0.12916666666666668 0.2 0.08166666666666667
1 0.63 0.23750000000000002 0.21666666666666667 0.07833333333333334
1 0.6275000000000001 0.3441666666666667 0.21500000000000002 0.08833333333333333
1 0.6316666666666667 0.45583333333333337 0.21666666666666667 0.08166666666666667
1 0.6233333333333334 0.5566666666666668 0.22 0.07666666666666667
1 0.6258333333333334 0.665 0.22166666666666668 0.09333333333333334
1 0.6241666666666668 0.7716666666666667 0.21833333333333335 0.08666666666666667
1 0.8775000000000001 0.12916666666666668 0.21833333333333335 0.08166666666666667
1 0.88 0.23333333333333334 0.21000000000000002 0.08333333333333334
1 0.8833333333333334 0.3408333333333334 0.2066666666666667 0.08166666666666667
1 0.8783333333333334 0.45 0.21333333333333335 0.08666666666666667
1 0.88 0.5558333333333334 0.2066666666666667 0.08833333333333333
1 0.8808333333333334 0.66 0.20500000000000002 0.08666666666666667
1 0.8816666666666667 0.7683333333333334 0.21666666666666667 0.08
1 0.88 0.8758333333333334 0.21333333333333335 0.07833333333333334
