1 0.12916666666666668 0.12083333333333333 0.22833333333333336 0.07500000000000001
1 0.625 0.12333333333333334 0.21333333333333335 0.09000000000000001
1 0.8683333333333334 0.22333333333333336 0.20333333333333334 0.09000000000000001
1 0.8683333333333334 0.11916666666666667 0.19333333333333336 0.08833333333333333
1 0.8666666666666667 0.32916666666666666 0.19 0.095
1 0.8650000000000001 0.4391666666666667 0.19 0.085
1 0.8700000000000001 0.5483333333333333 0.19 0.09333333333333334
1 0.8666666666666667 0.655 0.2 0.09000000000000001
1 0.8641666666666667 0.7616666666666667 0.19833333333333333 0.08
1 0.8658333333333333 0.8725 0.18500000000000003 0.08166666666666667
1 0.625 0.2225 0.2066666666666667 0.08166666666666667
1 0.6258333333333334 0.3358333333333334 0.21833333333333335 0.085
1 0.6266666666666667 0.44 0.21333333333333335 0.07666666666666667
1 0.625 0.545 0.22666666666666668 0.08
1 0.6241666666666668 0.6566666666666667 0.21833333333333335 0.09000000000000001
1 0.6241666666666668 0.7658333333333334 0.21500000000000002 0.08166666666666667
1 0.6375000000000001 0.8741666666666668 0.20833333333333334 0.09166666666666667
1 0.37833333333333335 0.12083333333333333 0.20333333333333334 0.085
1 0.3816666666666667 0.2275 0.20333333333333334 0.08166666666666667
1 0.3816666666666667 0.33916666666666667 0.2066666666666667 0.08833333333333333
1 0.3825 0.4441666666666667 0.21833333333333335 0.09166666666666667
1 0.38083333333333336 0.5566666666666668 0.22833333333333336 0.08333333333333334
1 0.3766666666666667 0.6575000000000001 0.22333333333333336 0.09166666666666667
1 0.38083333333333336 0.7683333333333334 0.225 0.09000000000000001
1 0.3825 0.8716666666666667 0.21833333333333335 0.1
1 0.125 0.22666666666666668 0.23 0.08666666666666667
1 0.12833333333333335 0.3325 0.22333333333333336 0.07500000000000001
1 0.12916666666666668 0.44 0.22833333333333336 0.08
1 0.11916666666666667 0.5441666666666667 0.2316666666666667 0.085
1 0.13083333333333333 0.6566666666666667 0.21500000000000002 0.08333333333333334
1 0.12666666666666668 0.7716666666666667 0.22333333333333336 0.07333333333333333
1 0.12666666666666668 0.8750000000000001 0.21333333333333335 0.08666666666666667
1 0.37833333333333335 0.9533333333333334 0.20333333333333334 0.030000000000000002
