3 0.8875000000000001 0.885 0.018333333333333333 0.21000000000000002
3 0.7225 0.8808333333333334 0.028333333333333335 0.115
3 0.6283333333333334 0.5683333333333334 0.04666666666666667 0.060000000000000005
3 0.6075 0.4466666666666667 0.09166666666666667 0.03333333333333333
3 0.6625000000000001 0.8608333333333333 0.018333333333333333 0.07833333333333334
3 0.6691666666666667 0.36000000000000004 0.03833333333333334 0.19333333333333336
3 0.7183333333333334 0.315 0.043333333333333335 0.18333333333333335
3 0.9425000000000001 0.24250000000000002 0.065 0.07500000000000001
3 0.6591666666666667 0.6583333333333333 0.045000000000000005 0.09666666666666668
3 0.6875 0.7433333333333334 0.025 0.04666666666666667
3 0.5525 0.44833333333333336 0.021666666666666667 0.09000000000000001
3 0.5733333333333334 0.5525 0.06333333333333334 0.04833333333333334
3 0.9591666666666667 0.8733333333333334 0.018333333333333333 0.07666666666666667
