4 0.12833333333333335 0.49750000000000005 0.25333333333333335 0.9916666666666667
1 0.3775 0.2366666666666667 0.21833333333333335 0.07333333333333333
1 0.8625 0.12250000000000001 0.18833333333333335 0.07500000000000001
1 0.6266666666666667 0.2325 0.18666666666666668 0.07166666666666667
1 0.8683333333333334 0.3325 0.18666666666666668 0.08833333333333333
1 0.38083333333333336 0.32916666666666666 0.21833333333333335 0.07166666666666667
1 0.6275000000000001 0.32666666666666666 0.18500000000000003 0.05666666666666667
1 0.6275000000000001 0.12083333333333333 0.14833333333333334 0.06833333333333334
1 0.8708333333333333 0.2275 0.17833333333333334 0.07500000000000001
1 0.8725 0.43833333333333335 0.18500000000000003 0.07666666666666667
1 0.8758333333333334 0.5516666666666667 0.165 0.07666666666666667
