1 0.12333333333333334 0.043333333333333335 0.21000000000000002 0.05666666666666667
1 0.3725 0.03916666666666667 0.21500000000000002 0.05166666666666667
1 0.6291666666666667 0.12583333333333335 0.19833333333333333 0.08833333333333333
1 0.37833333333333335 0.13166666666666668 0.21333333333333335 0.08333333333333334
1 0.3816666666666667 0.2316666666666667 0.22 0.08333333333333334
1 0.3925 0.3408333333333334 0.20833333333333334 0.07500000000000001
1 0.12916666666666668 0.12916666666666668 0.22166666666666668 0.08833333333333333
1 0.12833333333333335 0.2916666666666667 0.22666666666666668 0.19666666666666668
1 0.1375 0.45 0.20833333333333334 0.07666666666666667
1 0.6383333333333334 0.23833333333333334 0.21000000000000002 0.07666666666666667
1 0.6366666666666667 0.3416666666666667 0.2066666666666667 0.07666666666666667
