1 0.37333333333333335 0.4416666666666667 0.18333333333333335 0.08
1 0.1325 0.44833333333333336 0.19166666666666668 0.07666666666666667
1 0.1325 0.5483333333333333 0.19166666666666668 0.08333333333333334
1 0.125 0.66 0.18333333333333335 0.08666666666666667
1 0.13 0.7633333333333334 0.20333333333333334 0.08
1 0.38083333333333336 0.8750000000000001 0.17833333333333334 0.08333333333333334
1 0.37333333333333335 0.3416666666666667 0.17666666666666667 0.07666666666666667
1 0.38 0.5508333333333334 0.19 0.085
1 0.3775 0.66 0.2016666666666667 0.09000000000000001
1 0.3791666666666667 0.7641666666666667 0.20500000000000002 0.08833333333333333
