1 0.12833333333333335 0.8591666666666667 0.21666666666666667 0.085
1 0.3791666666666667 0.11666666666666667 0.18500000000000003 0.08
1 0.6241666666666668 0.8658333333333333 0.23500000000000001 0.07833333333333334
1 0.8666666666666667 0.11916666666666667 0.19 0.09166666666666667
1 0.8625 0.2225 0.17500000000000002 0.08833333333333333
1 0.8525 0.33 0.17500000000000002 0.08333333333333334
1 0.8666666666666667 0.43833333333333335 0.21000000000000002 0.08333333333333334
1 0.8666666666666667 0.5466666666666667 0.21666666666666667 0.08333333333333334
1 0.8733333333333334 0.6516666666666667 0.20333333333333334 0.08
1 0.8750000000000001 0.7616666666666667 0.21000000000000002 0.07666666666666667
1 0.8675 0.8683333333333334 0.21500000000000002 0.08333333333333334
1 0.6266666666666667 0.11666666666666667 0.17333333333333334 0.07333333333333333
1 0.6233333333333334 0.22416666666666668 0.20333333333333334 0.085
1 0.6233333333333334 0.3325 0.20333333333333334 0.085
1 0.6225 0.4366666666666667 0.21500000000000002 0.08
1 0.6258333333333334 0.5466666666666667 0.21166666666666667 0.09333333333333334
1 0.6291666666666667 0.6508333333333334 0.21500000000000002 0.08833333333333333
1 0.63 0.7583333333333334 0.22 0.09000000000000001
1 0.3816666666666667 0.21833333333333335 0.19333333333333336 0.08666666666666667
1 0.37833333333333335 0.32916666666666666 0.21000000000000002 0.085
1 0.3741666666666667 0.43583333333333335 0.21833333333333335 0.085
1 0.37333333333333335 0.5383333333333333 0.22 0.09000000000000001
1 0.3741666666666667 0.6491666666666667 0.20500000000000002 0.08833333333333333
1 0.3766666666666667 0.7533333333333334 0.20333333333333334 0.08333333333333334
1 0.3791666666666667 0.8683333333333334 0.21833333333333335 0.08333333333333334
1 0.13166666666666668 0.7575000000000001 0.20333333333333334 0.07833333333333334
1 0.13 0.6458333333333334 0.2 0.07500000000000001
1 0.1325 0.5383333333333333 0.19166666666666668 0.08
1 0.13583333333333333 0.43250000000000005 0.18500000000000003 0.08166666666666667
1 0.13416666666666668 0.3275 0.18166666666666667 0.08166666666666667
1 0.14083333333333334 0.22 0.18833333333333335 0.08333333333333334
1 0.37833333333333335 0.9491666666666667 0.19 0.04166666666666667
1 0.6191666666666668 0.9466666666666668 0.16166666666666668 0.03333333333333333
1 0.1275 0.9400000000000001 0.20500000000000002 0.030000000000000002
