1 0.1275 0.22916666666666669 0.21166666666666667 0.09166666666666667
1 0.3775 0.8775000000000001 0.20833333333333334 0.08833333333333333
1 0.625 0.8808333333333334 0.17666666666666667 0.095
1 0.8591666666666667 0.2275 0.18166666666666667 0.09166666666666667
1 0.13083333333333333 0.34 0.21166666666666667 0.08666666666666667
1 0.12333333333333334 0.445 0.19666666666666668 0.08333333333333334
1 0.13 0.545 0.21333333333333335 0.08666666666666667
1 0.12916666666666668 0.6608333333333334 0.21500000000000002 0.085
1 0.13416666666666668 0.76 0.21500000000000002 0.08666666666666667
1 0.13 0.8700000000000001 0.22 0.09000000000000001
1 0.37583333333333335 0.22583333333333336 0.18833333333333335 0.08166666666666667
1 0.38333333333333336 0.33666666666666667 0.19 0.08333333333333334
1 0.3825 0.44333333333333336 0.21500000000000002 0.08333333333333334
1 0.37833333333333335 0.5458333333333334 0.19666666666666668 0.09166666666666667
1 0.3816666666666667 0.6616666666666667 0.2066666666666667 0.08333333333333334
1 0.3816666666666667 0.765 0.21000000000000002 0.08333333333333334
1 0.8633333333333334 0.34 0.18666666666666668 0.08
1 0.8600000000000001 0.4466666666666667 0.19333333333333336 0.08666666666666667
1 0.8616666666666667 0.5533333333333333 0.18666666666666668 0.08666666666666667
1 0.8616666666666667 0.6633333333333333 0.19333333333333336 0.08666666666666667
1 0.8658333333333333 0.77 0.17833333333333334 0.09000000000000001
1 0.8675 0.8775000000000001 0.18833333333333335 0.085
1 0.6283333333333334 0.7666666666666667 0.19333333333333336 0.08333333333333334
1 0.6275000000000001 0.6641666666666667 0.18500000000000003 0.07833333333333334
1 0.625 0.5516666666666667 0.18666666666666668 0.09000000000000001
1 0.6325000000000001 0.43833333333333335 0.195 0.08
1 0.6266666666666667 0.33666666666666667 0.19 0.08333333333333334
1 0.645 0.22666666666666668 0.14666666666666667 0.07666666666666667
1 0.9008333333333334 0.12666666666666668 0.08166666666666667 0.08
