4 0.8416666666666667 0.5016666666666667 0.31 0.9866666666666667
1 0.5691666666666667 0.8708333333333333 0.22166666666666668 0.10166666666666667
1 0.3491666666666667 0.9625 0.19833333333333333 0.058333333333333334
1 0.5691666666666667 0.7725000000000001 0.21500000000000002 0.085
1 0.5758333333333334 0.6608333333333334 0.21166666666666667 0.085
1 0.5716666666666667 0.5533333333333333 0.19333333333333336 0.07
1 0.33916666666666667 0.8766666666666667 0.21833333333333335 0.09000000000000001
1 0.3325 0.7683333333333334 0.21500000000000002 0.08666666666666667
1 0.33666666666666667 0.6583333333333333 0.21333333333333335 0.08333333333333334
1 0.335 0.5483333333333333 0.20333333333333334 0.07666666666666667
1 0.34750000000000003 0.44583333333333336 0.17500000000000002 0.07833333333333334
1 0.10666666666666667 0.88 0.19 0.07666666666666667
1 0.11 0.765 0.19666666666666668 0.08333333333333334
1 0.10916666666666668 0.6608333333333334 0.19833333333333333 0.08833333333333333
1 0.10750000000000001 0.5525 0.195 0.07500000000000001
1 0.11083333333333334 0.45833333333333337 0.17500000000000002 0.060000000000000005
