1 0.9075000000000001 0.8533333333333334 0.11833333333333335 0.09333333333333334
1 0.40750000000000003 0.7458333333333333 0.14500000000000002 0.085
1 0.8908333333333334 0.7458333333333333 0.18833333333333335 0.06833333333333334
1 0.88 0.6416666666666667 0.17666666666666667 0.07333333333333333
1 0.88 0.5341666666666667 0.17666666666666667 0.08166666666666667
1 0.8833333333333334 0.42833333333333334 0.17666666666666667 0.06666666666666667
1 0.8841666666666668 0.325 0.1716666666666667 0.07
1 0.4116666666666667 0.6408333333333334 0.15000000000000002 0.07833333333333334
1 0.40166666666666667 0.5341666666666667 0.17333333333333334 0.06833333333333334
1 0.41000000000000003 0.4266666666666667 0.16333333333333333 0.07333333333333333
1 0.42500000000000004 0.32833333333333337 0.11 0.07
