1 0.13 0.33916666666666667 0.21666666666666667 0.08166666666666667
1 0.38333333333333336 0.12416666666666668 0.18666666666666668 0.07833333333333334
1 0.6233333333333334 0.8791666666666668 0.2066666666666667 0.07833333333333334
1 0.13333333333333333 0.445 0.19 0.08
1 0.12333333333333334 0.5558333333333334 0.21333333333333335 0.08166666666666667
1 0.12916666666666668 0.6625000000000001 0.21833333333333335 0.08166666666666667
1 0.125 0.7683333333333334 0.20333333333333334 0.08666666666666667
1 0.12666666666666668 0.8733333333333334 0.2066666666666667 0.08333333333333334
1 0.3766666666666667 0.23 0.2066666666666667 0.07666666666666667
1 0.37583333333333335 0.33666666666666667 0.20500000000000002 0.08666666666666667
1 0.37333333333333335 0.4441666666666667 0.20333333333333334 0.08166666666666667
1 0.37583333333333335 0.5516666666666667 0.20500000000000002 0.08333333333333334
1 0.37583333333333335 0.6616666666666667 0.19166666666666668 0.08333333333333334
1 0.37583333333333335 0.7666666666666667 0.20500000000000002 0.08666666666666667
1 0.3741666666666667 0.8766666666666667 0.21166666666666667 0.08666666666666667
1 0.6266666666666667 0.7658333333333334 0.2 0.07166666666666667
1 0.6275000000000001 0.66 0.20500000000000002 0.07666666666666667
1 0.6225 0.5466666666666667 0.19833333333333333 0.07
1 0.6175 0.4441666666666667 0.19833333333333333 0.08166666666666667
1 0.62 0.33333333333333337 0.19333333333333336 0.07666666666666667
1 0.6191666666666668 0.2325 0.17833333333333334 0.04833333333333334
