1 0.37333333333333335 0.12250000000000001 0.2366666666666667 0.09166666666666667
1 0.6266666666666667 0.125 0.23333333333333334 0.1
1 0.88 0.12333333333333334 0.22666666666666668 0.08666666666666667
1 0.385 0.6608333333333334 0.22 0.095
1 0.375 0.22916666666666669 0.23 0.095
1 0.37583333333333335 0.3416666666666667 0.22166666666666668 0.1
1 0.3741666666666667 0.4466666666666667 0.21166666666666667 0.08666666666666667
1 0.3816666666666667 0.5575 0.21666666666666667 0.10166666666666667
1 0.3925 0.7725000000000001 0.195 0.085
1 0.6266666666666667 0.23333333333333334 0.23 0.08333333333333334
1 0.6291666666666667 0.33916666666666667 0.22166666666666668 0.08833333333333333
1 0.6308333333333334 0.45083333333333336 0.22166666666666668 0.085
1 0.6283333333333334 0.5558333333333334 0.22 0.09166666666666667
1 0.6266666666666667 0.6625000000000001 0.22333333333333336 0.085
1 0.6325000000000001 0.7683333333333334 0.21833333333333335 0.09000000000000001
1 0.8783333333333334 0.2316666666666667 0.21333333333333335 0.08
1 0.8833333333333334 0.3375 0.21333333333333335 0.08166666666666667
1 0.8841666666666668 0.44583333333333336 0.21500000000000002 0.08166666666666667
1 0.8825000000000001 0.5583333333333333 0.21166666666666667 0.08666666666666667
1 0.8883333333333334 0.6625000000000001 0.21333333333333335 0.09166666666666667
1 0.8883333333333334 0.7666666666666667 0.2066666666666667 0.08333333333333334
1 0.8875000000000001 0.8783333333333334 0.20833333333333334 0.08666666666666667
1 0.6533333333333333 0.8691666666666668 0.17666666666666667 0.07500000000000001
