1 0.3775 0.49583333333333335 0.21833333333333335 0.9583333333333334
1 0.13333333333333333 0.8741666666666668 0.23 0.09833333333333334
1 0.8725 0.7775000000000001 0.19833333333333333 0.085
1 0.8733333333333334 0.6608333333333334 0.21000000000000002 0.07833333333333334
1 0.8708333333333333 0.8775000000000001 0.21500000000000002 0.09166666666666667
1 0.12916666666666668 0.7633333333333334 0.22166666666666668 0.08666666666666667
1 0.1325 0.6616666666666667 0.22166666666666668 0.09000000000000001
1 0.1366666666666667 0.5475 0.22666666666666668 0.08166666666666667
1 0.13416666666666668 0.44333333333333336 0.225 0.09333333333333334
1 0.12833333333333335 0.33666666666666667 0.23 0.09000000000000001
1 0.12250000000000001 0.22583333333333336 0.19833333333333333 0.07166666666666667
1 0.12833333333333335 0.9566666666666668 0.22 0.043333333333333335
1 0.8758333333333334 0.5508333333333334 0.19833333333333333 0.07500000000000001
1 0.8733333333333334 0.4466666666666667 0.2066666666666667 0.07666666666666667
1 0.8758333333333334 0.3408333333333334 0.19166666666666668 0.09166666666666667
