1 0.38583333333333336 0.555 0.20500000000000002 0.09000000000000001
1 0.6208333333333333 0.23 0.21500000000000002 0.09333333333333334
1 0.3775 0.6608333333333334 0.19166666666666668 0.08833333333333333
1 0.6241666666666668 0.33916666666666667 0.19166666666666668 0.08833333333333333
1 0.6241666666666668 0.4441666666666667 0.19833333333333333 0.07500000000000001
1 0.6241666666666668 0.55 0.18833333333333335 0.08
1 0.6225 0.6633333333333333 0.19166666666666668 0.08
1 0.37833333333333335 0.7666666666666667 0.19333333333333336 0.07333333333333333
1 0.37333333333333335 0.8783333333333334 0.18666666666666668 0.07333333333333333
1 0.6175 0.7675000000000001 0.19166666666666668 0.07833333333333334
1 0.3841666666666667 0.44083333333333335 0.19166666666666668 0.08166666666666667
1 0.3741666666666667 0.33666666666666667 0.2016666666666667 0.08333333333333334
1 0.3766666666666667 0.23 0.2 0.07666666666666667
1 0.375 0.11916666666666667 0.18666666666666668 0.07833333333333334
