4 0.12583333333333335 0.5 0.24500000000000002 0.9933333333333334
1 0.3641666666666667 0.8516666666666667 0.21833333333333335 0.24666666666666667
1 0.3691666666666667 0.6641666666666667 0.21833333333333335 0.08833333333333333
1 0.6225 0.8600000000000001 0.21166666666666667 0.26666666666666666
1 0.62 0.6633333333333333 0.22 0.08666666666666667
1 0.6183333333333334 0.5625 0.21666666666666667 0.07166666666666667
1 0.8666666666666667 0.9608333333333334 0.19 0.05166666666666667
1 0.8650000000000001 0.8766666666666667 0.19 0.09000000000000001
1 0.8583333333333334 0.7625000000000001 0.19 0.09833333333333334
1 0.8550000000000001 0.6591666666666667 0.19 0.09166666666666667
