1 0.13 0.1275 0.23333333333333334 0.09833333333333334
1 0.8783333333333334 0.13333333333333333 0.23333333333333334 0.08
1 0.38 0.12333333333333334 0.21333333333333335 0.09666666666666668
1 0.8816666666666667 0.23333333333333334 0.21666666666666667 0.08333333333333334
1 0.8775000000000001 0.34 0.21166666666666667 0.08
1 0.8858333333333334 0.44583333333333336 0.195 0.07833333333333334
1 0.8825000000000001 0.5575 0.21166666666666667 0.07833333333333334
1 0.385 0.2325 0.2 0.07833333333333334
1 0.3816666666666667 0.3408333333333334 0.20333333333333334 0.08166666666666667
1 0.3866666666666667 0.4491666666666667 0.19666666666666668 0.09166666666666667
1 0.3841666666666667 0.5566666666666668 0.20833333333333334 0.08666666666666667
1 0.13083333333333333 0.2341666666666667 0.23500000000000001 0.09166666666666667
1 0.13166666666666668 0.3358333333333334 0.21666666666666667 0.095
1 0.1366666666666667 0.6658333333333334 0.21333333333333335 0.5216666666666667
1 0.13416666666666668 0.04416666666666667 0.20833333333333334 0.035
