1 0.14083333333333334 0.22583333333333336 0.195 0.08166666666666667
1 0.375 0.12416666666666668 0.20333333333333334 0.08166666666666667
1 0.6175 0.9641666666666667 0.18833333333333335 0.058333333333333334
1 0.8708333333333333 0.5325000000000001 0.21833333333333335 0.9116666666666667
1 0.8650000000000001 0.0325 0.2 0.035
1 0.6258333333333334 0.8758333333333334 0.2316666666666667 0.08833333333333333
1 0.6158333333333333 0.22666666666666668 0.18500000000000003 0.07333333333333333
1 0.625 0.3358333333333334 0.2066666666666667 0.085
1 0.6241666666666668 0.4416666666666667 0.2016666666666667 0.08
1 0.625 0.5516666666666667 0.21666666666666667 0.07666666666666667
1 0.6291666666666667 0.6583333333333333 0.21833333333333335 0.08333333333333334
1 0.6258333333333334 0.7641666666666667 0.22166666666666668 0.08166666666666667
1 0.375 0.22416666666666668 0.21000000000000002 0.07833333333333334
1 0.36833333333333335 0.3358333333333334 0.21000000000000002 0.085
1 0.3725 0.445 0.19833333333333333 0.08333333333333334
1 0.36833333333333335 0.55 0.2066666666666667 0.08666666666666667
1 0.37083333333333335 0.6575000000000001 0.20500000000000002 0.085
1 0.37333333333333335 0.7666666666666667 0.21333333333333335 0.08666666666666667
1 0.37583333333333335 0.8733333333333334 0.225 0.08333333333333334
1 0.3775 0.9566666666666668 0.19166666666666668 0.03666666666666667
1 0.14 0.335 0.18000000000000002 0.07666666666666667
1 0.14 0.43833333333333335 0.18000000000000002 0.07333333333333333
1 0.14500000000000002 0.5466666666666667 0.18333333333333335 0.08
1 0.14416666666666667 0.6533333333333333 0.18500000000000003 0.08666666666666667
1 0.14166666666666666 0.7591666666666668 0.19 0.07500000000000001
1 0.14416666666666667 0.8691666666666668 0.18166666666666667 0.08833333333333333
1 0.17916666666666667 0.11416666666666668 0.08166666666666667 0.07833333333333334
1 0.14916666666666667 0.9533333333333334 0.12833333333333335 0.043333333333333335
