1 0.1275 0.12083333333333333 0.19833333333333333 0.095
1 0.37833333333333335 0.125 0.21666666666666667 0.08333333333333334
1 0.6366666666666667 0.11583333333333334 0.22333333333333336 0.09166666666666667
1 0.8841666666666668 0.12666666666666668 0.19833333333333333 0.08333333333333334
1 0.8958333333333334 0.23333333333333334 0.19166666666666668 0.09333333333333334
1 0.8866666666666667 0.33666666666666667 0.2066666666666667 0.08333333333333334
1 0.8875000000000001 0.445 0.20500000000000002 0.08333333333333334
1 0.6358333333333334 0.22583333333333336 0.21500000000000002 0.085
1 0.6375000000000001 0.33416666666666667 0.20500000000000002 0.08833333333333333
1 0.635 0.4425 0.2 0.08833333333333333
1 0.6416666666666667 0.55 0.20333333333333334 0.08666666666666667
1 0.6358333333333334 0.6583333333333333 0.2016666666666667 0.09000000000000001
1 0.6983333333333334 0.7616666666666667 0.09000000000000001 0.07666666666666667
1 0.38583333333333336 0.22416666666666668 0.21833333333333335 0.085
1 0.3816666666666667 0.3358333333333334 0.22 0.08166666666666667
1 0.3875 0.44083333333333335 0.21500000000000002 0.08166666666666667
1 0.38333333333333336 0.5516666666666667 0.22333333333333336 0.09000000000000001
1 0.3816666666666667 0.66 0.22333333333333336 0.08
1 0.3866666666666667 0.7666666666666667 0.2066666666666667 0.08333333333333334
1 0.12833333333333335 0.23083333333333333 0.22333333333333336 0.09166666666666667
1 0.13083333333333333 0.3358333333333334 0.20833333333333334 0.07833333333333334
1 0.13083333333333333 0.445 0.21500000000000002 0.07
1 0.13333333333333333 0.5525 0.19666666666666668 0.07500000000000001
1 0.8775000000000001 0.5533333333333333 0.18500000000000003 0.07333333333333333
1 0.8883333333333334 0.6608333333333334 0.17333333333333334 0.07166666666666667
