1 0.1275 0.8316666666666667 0.21166666666666667 0.08
1 0.3725 0.8333333333333334 0.18833333333333335 0.07666666666666667
1 0.8825000000000001 0.8641666666666667 0.21166666666666667 0.08833333333333333
1 0.3725 0.7316666666666667 0.19833333333333333 0.08
1 0.36583333333333334 0.6241666666666668 0.1716666666666667 0.07500000000000001
1 0.3716666666666667 0.5233333333333333 0.17666666666666667 0.08
1 0.1275 0.7250000000000001 0.20833333333333334 0.08
1 0.13083333333333333 0.6208333333333333 0.20833333333333334 0.07833333333333334
1 0.13 0.5175000000000001 0.2 0.07833333333333334
1 0.12666666666666668 0.41583333333333333 0.20333333333333334 0.07833333333333334
1 0.1275 0.3141666666666667 0.195 0.08166666666666667
1 0.1325 0.21083333333333334 0.17833333333333334 0.085
1 0.8858333333333334 0.7533333333333334 0.195 0.08666666666666667
1 0.8775000000000001 0.6525000000000001 0.20500000000000002 0.08833333333333333
1 0.8808333333333334 0.5391666666666667 0.19166666666666668 0.085
1 0.8833333333333334 0.43083333333333335 0.2066666666666667 0.085
1 0.8791666666666668 0.33083333333333337 0.2016666666666667 0.08166666666666667
1 0.8775000000000001 0.21833333333333335 0.18833333333333335 0.08
1 0.9158333333333334 0.11 0.055 0.07
