1 0.13166666666666668 0.22666666666666668 0.23 0.09666666666666668
1 0.3791666666666667 0.22666666666666668 0.22833333333333336 0.09666666666666668
1 0.6266666666666667 0.1275 0.22333333333333336 0.08166666666666667
1 0.8641666666666667 0.23083333333333333 0.18500000000000003 0.08833333333333333
1 0.8775000000000001 0.335 0.19833333333333333 0.08666666666666667
1 0.8766666666666667 0.4425 0.21000000000000002 0.08833333333333333
1 0.8766666666666667 0.5516666666666667 0.19666666666666668 0.08333333333333334
1 0.88 0.66 0.19 0.08666666666666667
1 0.8766666666666667 0.7675000000000001 0.21000000000000002 0.08833333333333333
1 0.8750000000000001 0.8750000000000001 0.19 0.08
1 0.6308333333333334 0.22916666666666669 0.20500000000000002 0.07833333333333334
1 0.6366666666666667 0.33166666666666667 0.22 0.08666666666666667
1 0.635 0.4416666666666667 0.21000000000000002 0.08666666666666667
1 0.6333333333333334 0.55 0.21333333333333335 0.08666666666666667
1 0.6333333333333334 0.6533333333333333 0.21666666666666667 0.08666666666666667
1 0.6358333333333334 0.765 0.21166666666666667 0.08666666666666667
1 0.6358333333333334 0.8691666666666668 0.21833333333333335 0.09166666666666667
1 0.38 0.33083333333333337 0.22333333333333336 0.08833333333333333
1 0.37833333333333335 0.44083333333333335 0.22666666666666668 0.08833333333333333
1 0.38 0.5475 0.22666666666666668 0.08833333333333333
1 0.3775 0.6566666666666667 0.22833333333333336 0.08666666666666667
1 0.3825 0.7675000000000001 0.21833333333333335 0.08833333333333333
1 0.3775 0.8783333333333334 0.225 0.08
1 0.13166666666666668 0.3375 0.22 0.09166666666666667
1 0.13 0.44333333333333336 0.22333333333333336 0.08666666666666667
1 0.13333333333333333 0.5466666666666667 0.21666666666666667 0.09000000000000001
1 0.12916666666666668 0.6608333333333334 0.225 0.085
1 0.12916666666666668 0.7733333333333334 0.23833333333333334 0.09000000000000001
1 0.13333333333333333 0.8725 0.22 0.10166666666666667
