1 0.8708333333333333 0.037500000000000006 0.20833333333333334 0.04833333333333334
3 0.6258333333333334 0.12833333333333335 0.21500000000000002 0.09000000000000001
1 0.8741666666666668 0.13 0.22166666666666668 0.09333333333333334
1 0.8725 0.23583333333333334 0.22166666666666668 0.08833333333333333
1 0.8725 0.3408333333333334 0.21833333333333335 0.08833333333333333
1 0.8750000000000001 0.4541666666666667 0.22 0.08833333333333333
1 0.8708333333333333 0.5625 0.21833333333333335 0.095
1 0.8775000000000001 0.6708333333333334 0.21500000000000002 0.09166666666666667
1 0.8775000000000001 0.775 0.21833333333333335 0.09000000000000001
1 0.8758333333333334 0.8866666666666667 0.20500000000000002 0.09000000000000001
1 0.6266666666666667 0.23500000000000001 0.2066666666666667 0.07666666666666667
1 0.63 0.3416666666666667 0.21333333333333335 0.08333333333333334
1 0.6216666666666667 0.45583333333333337 0.21333333333333335 0.08166666666666667
1 0.6275000000000001 0.56 0.225 0.08333333333333334
1 0.6283333333333334 0.6666666666666667 0.21000000000000002 0.08
1 0.6283333333333334 0.7725000000000001 0.22666666666666668 0.08166666666666667
1 0.6333333333333334 0.8766666666666667 0.2066666666666667 0.07666666666666667
