4 0.8741666666666668 0.49750000000000005 0.2516666666666667 0.9916666666666667
1 0.62 0.8550000000000001 0.23333333333333334 0.25333333333333335
1 0.3791666666666667 0.9633333333333334 0.19833333333333333 0.04666666666666667
1 0.6166666666666667 0.665 0.22666666666666668 0.07333333333333333
1 0.37333333333333335 0.765 0.22666666666666668 0.27666666666666667
1 0.3741666666666667 0.5583333333333333 0.22166666666666668 0.09333333333333334
1 0.1275 0.8708333333333333 0.22833333333333336 0.07833333333333334
1 0.12666666666666668 0.7683333333333334 0.23 0.07
1 0.125 0.6691666666666667 0.23 0.08833333333333333
1 0.12083333333333333 0.56 0.22833333333333336 0.08333333333333334
1 0.12000000000000001 0.4475 0.21666666666666667 0.08166666666666667
1 0.12083333333333333 0.3408333333333334 0.22166666666666668 0.08833333333333333
1 0.12083333333333333 0.23500000000000001 0.20500000000000002 0.08333333333333334
1 0.12250000000000001 0.12666666666666668 0.21500000000000002 0.08333333333333334
1 0.3741666666666667 0.4566666666666667 0.20500000000000002 0.09000000000000001
