3 0.3591666666666667 0.03666666666666667 0.045000000000000005 0.060000000000000005
3 0.43000000000000005 0.12166666666666667 0.04666666666666667 0.08666666666666667
3 0.030833333333333334 0.43583333333333335 0.021666666666666667 0.06833333333333334
3 0.28500000000000003 0.3666666666666667 0.02 0.02666666666666667
3 0.29750000000000004 0.465 0.028333333333333335 0.11
3 0.315 0.675 0.03333333333333333 0.14333333333333334
3 0.10833333333333334 0.685 0.02666666666666667 0.14666666666666667
3 0.11666666666666667 0.9408333333333334 0.043333333333333335 0.06833333333333334
3 0.6341666666666667 0.9091666666666667 0.03833333333333334 0.09833333333333334
3 0.45333333333333337 0.22333333333333336 0.02 0.09666666666666668
3 0.44333333333333336 0.3358333333333334 0.023333333333333334 0.10166666666666667
3 0.41583333333333333 0.41250000000000003 0.025 0.04833333333333334
