1 0.12916666666666668 0.12416666666666668 0.23833333333333334 0.095
1 0.8875000000000001 0.12916666666666668 0.21833333333333335 0.095
1 0.38333333333333336 0.11833333333333335 0.22 0.08666666666666667
1 0.12833333333333335 0.2341666666666667 0.23 0.09166666666666667
1 0.13166666666666668 0.3433333333333334 0.22666666666666668 0.08666666666666667
1 0.13333333333333333 0.6666666666666667 0.22 0.52
1 0.3866666666666667 0.2341666666666667 0.21333333333333335 0.08166666666666667
1 0.3841666666666667 0.3416666666666667 0.19833333333333333 0.08666666666666667
1 0.3875 0.4475 0.19833333333333333 0.07833333333333334
1 0.3866666666666667 0.5583333333333333 0.19666666666666668 0.08
1 0.385 0.66 0.20333333333333334 0.08
1 0.3875 0.7716666666666667 0.20500000000000002 0.07333333333333333
1 0.8816666666666667 0.23833333333333334 0.23 0.08333333333333334
1 0.8783333333333334 0.33916666666666667 0.21000000000000002 0.085
1 0.8825000000000001 0.4475 0.20833333333333334 0.09166666666666667
1 0.8858333333333334 0.56 0.2016666666666667 0.1
1 0.8916666666666667 0.6616666666666667 0.19333333333333336 0.10333333333333335
1 0.9108333333333334 0.7716666666666667 0.16166666666666668 0.09333333333333334
