1 0.12666666666666668 0.8758333333333334 0.23 0.085
1 0.8875000000000001 0.13 0.20833333333333334 0.09000000000000001
1 0.3983333333333334 0.12333333333333334 0.19333333333333336 0.09000000000000001
1 0.13083333333333333 0.7708333333333334 0.22833333333333336 0.07833333333333334
1 0.135 0.6641666666666667 0.22 0.085
1 0.1375 0.5541666666666667 0.21166666666666667 0.09166666666666667
1 0.13166666666666668 0.4466666666666667 0.22 0.09333333333333334
1 0.12916666666666668 0.3433333333333334 0.22166666666666668 0.08666666666666667
1 0.13083333333333333 0.23083333333333333 0.21833333333333335 0.09166666666666667
1 0.13166666666666668 0.12166666666666667 0.21333333333333335 0.08
1 0.39416666666666667 0.2325 0.195 0.07833333333333334
1 0.3983333333333334 0.33916666666666667 0.18000000000000002 0.07833333333333334
1 0.8933333333333334 0.24000000000000002 0.19333333333333336 0.08666666666666667
1 0.89 0.3416666666666667 0.20333333333333334 0.09333333333333334
1 0.8991666666666667 0.45083333333333336 0.18166666666666667 0.08833333333333333
1 0.9041666666666667 0.5591666666666667 0.1716666666666667 0.08833333333333333
1 0.9166666666666667 0.6658333333333334 0.14666666666666667 0.085
1 0.9441666666666667 0.775 0.09166666666666667 0.08
