1 0.3775 0.3375 0.2316666666666667 0.095
1 0.3766666666666667 0.2325 0.22666666666666668 0.085
1 0.6275000000000001 0.8775000000000001 0.225 0.09166666666666667
1 0.8716666666666667 0.22833333333333336 0.22 0.07666666666666667
1 0.12916666666666668 0.8741666666666668 0.19166666666666668 0.08166666666666667
1 0.37333333333333335 0.4425 0.23333333333333334 0.095
1 0.36833333333333335 0.555 0.21666666666666667 0.08
1 0.8725 0.32916666666666666 0.225 0.08833333333333333
1 0.8700000000000001 0.4416666666666667 0.21666666666666667 0.09000000000000001
1 0.8758333333333334 0.55 0.22166666666666668 0.08666666666666667
1 0.8725 0.6575000000000001 0.22833333333333336 0.08166666666666667
1 0.8783333333333334 0.7666666666666667 0.21333333333333335 0.09333333333333334
1 0.8783333333333334 0.8791666666666668 0.21000000000000002 0.09166666666666667
1 0.8866666666666667 0.9600000000000001 0.19333333333333336 0.04
1 0.62 0.765 0.23333333333333334 0.08333333333333334
1 0.6225 0.6633333333333333 0.225 0.09666666666666668
1 0.6158333333333333 0.5508333333333334 0.225 0.08833333333333333
1 0.6225 0.43833333333333335 0.2316666666666667 0.08333333333333334
1 0.6241666666666668 0.33666666666666667 0.21833333333333335 0.07666666666666667
1 0.1325 0.7675000000000001 0.195 0.08166666666666667
1 0.12833333333333335 0.6608333333333334 0.20333333333333334 0.085
1 0.135 0.5566666666666668 0.19666666666666668 0.08666666666666667
1 0.13083333333333333 0.9600000000000001 0.19166666666666668 0.03666666666666667
1 0.3825 0.9625 0.195 0.04833333333333334
1 0.37333333333333335 0.6641666666666667 0.22666666666666668 0.09166666666666667
1 0.3766666666666667 0.7683333333333334 0.23 0.09666666666666668
1 0.3791666666666667 0.8775000000000001 0.22166666666666668 0.09833333333333334
