1 0.11833333333333335 0.12916666666666668 0.18666666666666668 0.085
1 0.6233333333333334 0.11916666666666667 0.21666666666666667 0.08833333333333333
1 0.8641666666666667 0.12000000000000001 0.18500000000000003 0.08333333333333334
1 0.8725 0.23333333333333334 0.2016666666666667 0.08333333333333334
1 0.8675 0.3375 0.19833333333333333 0.095
1 0.8733333333333334 0.445 0.20333333333333334 0.08666666666666667
1 0.8716666666666667 0.5533333333333333 0.19333333333333336 0.09000000000000001
1 0.8691666666666668 0.6558333333333334 0.2016666666666667 0.08166666666666667
1 0.8725 0.7691666666666667 0.19833333333333333 0.09166666666666667
1 0.8816666666666667 0.8700000000000001 0.16333333333333333 0.08666666666666667
1 0.625 0.2275 0.2066666666666667 0.085
1 0.6275000000000001 0.33666666666666667 0.21500000000000002 0.08333333333333334
1 0.6308333333333334 0.4416666666666667 0.21833333333333335 0.08666666666666667
1 0.6316666666666667 0.5508333333333334 0.21666666666666667 0.09166666666666667
1 0.6358333333333334 0.6533333333333333 0.22166666666666668 0.08
1 0.6316666666666667 0.7691666666666667 0.21333333333333335 0.085
1 0.12583333333333335 0.22916666666666669 0.20500000000000002 0.085
1 0.125 0.3383333333333334 0.21333333333333335 0.08333333333333334
1 0.125 0.44583333333333336 0.20333333333333334 0.09166666666666667
1 0.13 0.5541666666666667 0.2 0.08833333333333333
1 0.13333333333333333 0.6591666666666667 0.18333333333333335 0.08833333333333333
1 0.13083333333333333 0.77 0.19833333333333333 0.09000000000000001
1 0.38333333333333336 0.33166666666666667 0.19 0.07666666666666667
1 0.37583333333333335 0.4425 0.195 0.07166666666666667
1 0.3816666666666667 0.5525 0.19333333333333336 0.07500000000000001
1 0.3825 0.6566666666666667 0.18833333333333335 0.08
1 0.3825 0.7641666666666667 0.18500000000000003 0.07166666666666667
1 0.38583333333333336 0.2275 0.1716666666666667 0.08166666666666667
1 0.6125 0.03833333333333334 0.16833333333333333 0.03333333333333333
