1 0.13416666666666668 0.8808333333333334 0.2316666666666667 0.085
1 0.3825 0.24750000000000003 0.19166666666666668 0.085
1 0.37833333333333335 0.34833333333333333 0.2 0.08666666666666667
1 0.385 0.4525 0.18666666666666668 0.08166666666666667
1 0.3875 0.5616666666666666 0.20833333333333334 0.08333333333333334
1 0.3916666666666667 0.6691666666666667 0.2066666666666667 0.09166666666666667
1 0.39416666666666667 0.7766666666666667 0.2016666666666667 0.07333333333333333
1 0.38833333333333336 0.8833333333333334 0.21000000000000002 0.08
1 0.1366666666666667 0.23583333333333334 0.21000000000000002 0.08166666666666667
1 0.13166666666666668 0.34500000000000003 0.2066666666666667 0.08333333333333334
1 0.135 0.4516666666666667 0.21666666666666667 0.08333333333333334
1 0.13 0.5566666666666668 0.22333333333333336 0.08
1 0.13416666666666668 0.67 0.21500000000000002 0.08666666666666667
1 0.13333333333333333 0.775 0.22333333333333336 0.09333333333333334
