1 0.10500000000000001 0.23 0.18666666666666668 0.09333333333333334
1 0.3375 0.11833333333333335 0.18166666666666667 0.07333333333333333
1 0.8108333333333334 0.2341666666666667 0.18833333333333335 0.085
1 0.5775 0.2275 0.18833333333333335 0.085
4 0.9616666666666668 0.5008333333333334 0.07666666666666667 0.9983333333333334
1 0.1366666666666667 0.12333333333333334 0.10333333333333335 0.07666666666666667
1 0.10500000000000001 0.33416666666666667 0.19 0.085
1 0.10416666666666667 0.445 0.2016666666666667 0.09333333333333334
1 0.10583333333333333 0.5516666666666667 0.19166666666666668 0.09000000000000001
1 0.11 0.66 0.19666666666666668 0.09000000000000001
1 0.10416666666666667 0.77 0.2016666666666667 0.09000000000000001
1 0.10333333333333335 0.8733333333333334 0.20333333333333334 0.09333333333333334
1 0.10666666666666667 0.9600000000000001 0.19666666666666668 0.05
1 0.3375 0.22833333333333336 0.195 0.07333333333333333
1 0.3425 0.3383333333333334 0.2016666666666667 0.08333333333333334
1 0.3383333333333334 0.44333333333333336 0.2 0.09000000000000001
1 0.3408333333333334 0.5558333333333334 0.21166666666666667 0.09166666666666667
1 0.3416666666666667 0.6616666666666667 0.20333333333333334 0.09333333333333334
1 0.3408333333333334 0.7708333333333334 0.20500000000000002 0.095
1 0.33666666666666667 0.8775000000000001 0.20333333333333334 0.08833333333333333
1 0.8183333333333334 0.3375 0.18333333333333335 0.09166666666666667
1 0.8108333333333334 0.4466666666666667 0.195 0.08666666666666667
1 0.8200000000000001 0.56 0.19666666666666668 0.08333333333333334
1 0.8125 0.6658333333333334 0.20500000000000002 0.08833333333333333
1 0.8116666666666668 0.7716666666666667 0.19 0.08666666666666667
1 0.8166666666666668 0.8733333333333334 0.19333333333333336 0.09000000000000001
1 0.5866666666666667 0.3408333333333334 0.17666666666666667 0.08166666666666667
1 0.5816666666666667 0.4475 0.19 0.08166666666666667
1 0.5791666666666667 0.5575 0.18833333333333335 0.085
1 0.5816666666666667 0.6616666666666667 0.19 0.08333333333333334
1 0.5750000000000001 0.7683333333333334 0.19 0.08666666666666667
1 0.5733333333333334 0.88 0.18333333333333335 0.08666666666666667
