3 0.18416666666666667 0.42500000000000004 0.025 0.27
3 0.23333333333333334 0.465 0.03666666666666667 0.14666666666666667
3 0.41833333333333333 0.3408333333333334 0.05 0.09166666666666667
3 0.6833333333333333 0.03666666666666667 0.03333333333333333 0.06333333333333334
3 0.4416666666666667 0.4391666666666667 0.02666666666666667 0.095
3 0.6375000000000001 0.35583333333333333 0.035 0.28500000000000003
3 0.645 0.555 0.03333333333333333 0.1
3 0.6941666666666667 0.12000000000000001 0.06166666666666667 0.10333333333333335
3 0.6866666666666668 0.2833333333333333 0.03333333333333333 0.21000000000000002
3 0.7233333333333334 0.2808333333333333 0.030000000000000002 0.21500000000000002
