3 0.6466666666666667 0.8758333333333334 0.08 0.095
3 0.6183333333333334 0.765 0.10333333333333335 0.10666666666666667
3 0.5858333333333333 0.6591666666666667 0.085 0.09166666666666667
3 0.68 0.6541666666666667 0.05 0.09166666666666667
3 0.6383333333333334 0.5483333333333333 0.08666666666666667 0.09333333333333334
3 0.5583333333333333 0.55 0.04666666666666667 0.09666666666666668
3 0.6191666666666668 0.4416666666666667 0.07166666666666667 0.1
3 0.5508333333333334 0.43583333333333335 0.05166666666666667 0.095
3 0.6491666666666667 0.32916666666666666 0.04166666666666667 0.095
3 0.5483333333333333 0.3441666666666667 0.060000000000000005 0.085
3 0.6308333333333334 0.23583333333333334 0.045000000000000005 0.095
3 0.6066666666666667 0.335 0.04 0.11
3 0.68 0.44333333333333336 0.043333333333333335 0.10666666666666667
3 0.5383333333333333 0.11833333333333335 0.04666666666666667 0.060000000000000005
3 0.5983333333333334 0.13833333333333334 0.04666666666666667 0.04666666666666667
3 0.5416666666666667 0.23833333333333334 0.03666666666666667 0.08333333333333334
