4 0.8450000000000001 0.5033333333333334 0.31 0.9833333333333334
1 0.085 0.23500000000000001 0.16666666666666669 0.08666666666666667
1 0.09166666666666667 0.44833333333333336 0.18000000000000002 0.09333333333333334
1 0.5508333333333334 0.5583333333333333 0.13833333333333334 0.08
1 0.32083333333333336 0.12416666666666668 0.1716666666666667 0.095
1 0.09250000000000001 0.3416666666666667 0.18166666666666667 0.08333333333333334
1 0.09000000000000001 0.5566666666666668 0.17666666666666667 0.09333333333333334
1 0.08833333333333333 0.66 0.17333333333333334 0.08666666666666667
1 0.085 0.7733333333333334 0.16666666666666669 0.08666666666666667
1 0.32916666666666666 0.23333333333333334 0.19166666666666668 0.08333333333333334
1 0.33 0.3383333333333334 0.18000000000000002 0.09000000000000001
1 0.33333333333333337 0.45333333333333337 0.18666666666666668 0.08666666666666667
1 0.3325 0.5566666666666668 0.18500000000000003 0.08333333333333334
1 0.33333333333333337 0.6616666666666667 0.19 0.08666666666666667
1 0.5233333333333333 0.66 0.07666666666666667 0.08
1 0.5366666666666667 0.4441666666666667 0.11 0.06833333333333334
1 0.5341666666666667 0.33916666666666667 0.11833333333333335 0.07166666666666667
1 0.5241666666666667 0.23083333333333333 0.10166666666666667 0.065
