2 0.01916666666666667 0.13 0.035 0.12000000000000001
1 0.8891666666666668 0.8766666666666667 0.21166666666666667 0.08666666666666667
1 0.8825000000000001 0.7725000000000001 0.195 0.09833333333333334
3 0.7000000000000001 0.09833333333333334 0.023333333333333334 0.07333333333333333
1 0.8841666666666668 0.6583333333333333 0.19166666666666668 0.09000000000000001
1 0.8866666666666667 0.5516666666666667 0.19333333333333336 0.09000000000000001
1 0.8791666666666668 0.44333333333333336 0.19166666666666668 0.08333333333333334
1 0.88 0.33916666666666667 0.19 0.07833333333333334
1 0.8841666666666668 0.2275 0.18166666666666667 0.07500000000000001
1 0.8858333333333334 0.12000000000000001 0.13166666666666668 0.08
