1 0.8941666666666668 0.13166666666666668 0.19166666666666668 0.08
1 0.6425000000000001 0.1275 0.18500000000000003 0.09166666666666667
1 0.39666666666666667 0.2316666666666667 0.18666666666666668 0.09000000000000001
1 0.8891666666666668 0.23500000000000001 0.19166666666666668 0.08
1 0.8908333333333334 0.34 0.19166666666666668 0.08666666666666667
1 0.8891666666666668 0.4525 0.18500000000000003 0.08166666666666667
1 0.8866666666666667 0.5583333333333333 0.18666666666666668 0.08666666666666667
1 0.8883333333333334 0.6641666666666667 0.19333333333333336 0.08166666666666667
1 0.9025000000000001 0.7716666666666667 0.165 0.08666666666666667
1 0.6475000000000001 0.23833333333333334 0.1716666666666667 0.08
1 0.6508333333333334 0.3375 0.165 0.09166666666666667
1 0.6533333333333333 0.45083333333333336 0.16 0.08833333333333333
1 0.6608333333333334 0.5591666666666667 0.15833333333333335 0.08166666666666667
1 0.665 0.6633333333333333 0.12666666666666668 0.09000000000000001
1 0.6808333333333334 0.775 0.08833333333333333 0.08
1 0.4008333333333334 0.34 0.17833333333333334 0.08333333333333334
1 0.39916666666666667 0.4475 0.16833333333333333 0.08833333333333333
1 0.3925 0.5575 0.16833333333333333 0.08166666666666667
1 0.4008333333333334 0.6625000000000001 0.17500000000000002 0.08166666666666667
1 0.4008333333333334 0.7716666666666667 0.16166666666666668 0.07666666666666667
1 0.4216666666666667 0.88 0.09333333333333334 0.07333333333333333
1 0.4008333333333334 0.12833333333333335 0.155 0.07333333333333333
1 0.9241666666666667 0.8741666666666668 0.055 0.06833333333333334
