1 0.8675 0.22166666666666668 0.20833333333333334 0.09333333333333334
3 0.22916666666666669 0.3116666666666667 0.015000000000000001 0.06333333333333334
1 0.8708333333333333 0.33 0.20500000000000002 0.09000000000000001
1 0.8733333333333334 0.43583333333333335 0.20333333333333334 0.07833333333333334
1 0.8750000000000001 0.5416666666666667 0.21333333333333335 0.08666666666666667
1 0.8741666666666668 0.6508333333333334 0.2016666666666667 0.09166666666666667
1 0.8750000000000001 0.7525000000000001 0.2066666666666667 0.07833333333333334
1 0.8775000000000001 0.8625 0.2016666666666667 0.085
1 0.6441666666666667 0.76 0.17500000000000002 0.07333333333333333
1 0.36500000000000005 0.7558333333333334 0.16333333333333333 0.07166666666666667
1 0.38 0.8591666666666667 0.15666666666666668 0.07166666666666667
1 0.3566666666666667 0.6533333333333333 0.16 0.07666666666666667
1 0.08 0.645 0.09333333333333334 0.07666666666666667
1 0.07833333333333334 0.755 0.08333333333333334 0.08333333333333334
1 0.0825 0.5383333333333333 0.10833333333333334 0.07666666666666667
