4 0.8716666666666667 0.5058333333333334 0.2566666666666667 0.9783333333333334
1 0.6208333333333333 0.8775000000000001 0.21833333333333335 0.10500000000000001
1 0.3741666666666667 0.8791666666666668 0.21166666666666667 0.10166666666666667
1 0.6166666666666667 0.77 0.2066666666666667 0.1
1 0.6191666666666668 0.6625000000000001 0.21500000000000002 0.09833333333333334
1 0.6141666666666667 0.5541666666666667 0.18833333333333335 0.08166666666666667
1 0.37583333333333335 0.7658333333333334 0.20500000000000002 0.08166666666666667
1 0.37583333333333335 0.6625000000000001 0.20833333333333334 0.08166666666666667
1 0.37083333333333335 0.5591666666666667 0.20833333333333334 0.08166666666666667
1 0.3766666666666667 0.455 0.18333333333333335 0.07333333333333333
1 0.13333333333333333 0.8741666666666668 0.18000000000000002 0.08833333333333333
1 0.13083333333333333 0.7691666666666667 0.18500000000000003 0.07833333333333334
1 0.13083333333333333 0.66 0.2016666666666667 0.08666666666666667
1 0.11166666666666668 0.5566666666666668 0.17 0.08666666666666667
1 0.1125 0.445 0.155 0.07333333333333333
