1 0.3591666666666667 0.2341666666666667 0.18166666666666667 0.08166666666666667
1 0.6108333333333333 0.22833333333333336 0.16166666666666668 0.08333333333333334
1 0.8508333333333334 0.225 0.17833333333333334 0.09333333333333334
1 0.8475 0.3375 0.17500000000000002 0.07166666666666667
1 0.8558333333333333 0.44333333333333336 0.18166666666666667 0.08
1 0.8600000000000001 0.5516666666666667 0.19 0.08333333333333334
1 0.8650000000000001 0.66 0.17666666666666667 0.09000000000000001
1 0.5841666666666667 0.11583333333333334 0.12833333333333335 0.06833333333333334
1 0.62 0.3358333333333334 0.18000000000000002 0.085
1 0.6116666666666667 0.44333333333333336 0.18000000000000002 0.08333333333333334
1 0.6216666666666667 0.5483333333333333 0.18666666666666668 0.08666666666666667
1 0.6233333333333334 0.6558333333333334 0.18333333333333335 0.085
1 0.3616666666666667 0.3358333333333334 0.17666666666666667 0.085
1 0.36250000000000004 0.445 0.18833333333333335 0.08333333333333334
1 0.3616666666666667 0.55 0.18333333333333335 0.08
1 0.35833333333333334 0.6608333333333334 0.18666666666666668 0.08166666666666667
1 0.11750000000000001 0.6641666666666667 0.19833333333333333 0.08166666666666667
1 0.11666666666666667 0.5483333333333333 0.20333333333333334 0.07333333333333333
1 0.12166666666666667 0.44583333333333336 0.18333333333333335 0.07833333333333334
