1 0.38 0.12000000000000001 0.2 0.08333333333333334
1 0.3791666666666667 0.3408333333333334 0.20833333333333334 0.095
1 0.12083333333333333 0.12000000000000001 0.2016666666666667 0.08666666666666667
1 0.6383333333333334 0.11666666666666667 0.19 0.08666666666666667
1 0.8841666666666668 0.23833333333333334 0.20500000000000002 0.08333333333333334
1 0.8975000000000001 0.12416666666666668 0.17500000000000002 0.085
1 0.8891666666666668 0.3408333333333334 0.2016666666666667 0.085
1 0.8833333333333334 0.4416666666666667 0.19 0.07666666666666667
1 0.895 0.5508333333333334 0.18333333333333335 0.07166666666666667
1 0.6425000000000001 0.22916666666666669 0.17833333333333334 0.07166666666666667
1 0.6408333333333334 0.335 0.18833333333333335 0.08
1 0.6416666666666667 0.445 0.19 0.08333333333333334
1 0.6533333333333333 0.5483333333333333 0.16 0.08333333333333334
1 0.6808333333333334 0.66 0.11833333333333335 0.07333333333333333
1 0.6950000000000001 0.7608333333333334 0.09000000000000001 0.07166666666666667
1 0.38583333333333336 0.23 0.20833333333333334 0.08333333333333334
1 0.385 0.44083333333333335 0.20333333333333334 0.08833333333333333
1 0.38583333333333336 0.5466666666666667 0.2016666666666667 0.09333333333333334
1 0.38333333333333336 0.6575000000000001 0.21333333333333335 0.08166666666666667
1 0.12583333333333335 0.2325 0.19833333333333333 0.08166666666666667
1 0.13166666666666668 0.33666666666666667 0.22 0.08
1 0.13333333333333333 0.445 0.21000000000000002 0.08333333333333334
1 0.13 0.5525 0.19333333333333336 0.07833333333333334
1 0.1325 0.6591666666666667 0.195 0.06833333333333334
