1 0.14333333333333334 0.4391666666666667 0.18000000000000002 0.08166666666666667
1 0.8791666666666668 0.11166666666666668 0.19833333333333333 0.08333333333333334
1 0.3791666666666667 0.33333333333333337 0.19166666666666668 0.09333333333333334
1 0.6316666666666667 0.8658333333333333 0.2066666666666667 0.07500000000000001
1 0.8783333333333334 0.22416666666666668 0.19666666666666668 0.08833333333333333
1 0.8766666666666667 0.33083333333333337 0.21333333333333335 0.095
1 0.88 0.43500000000000005 0.2 0.09333333333333334
1 0.8725 0.5433333333333333 0.19833333333333333 0.09000000000000001
1 0.8750000000000001 0.6516666666666667 0.19 0.09000000000000001
1 0.8783333333333334 0.7558333333333334 0.19666666666666668 0.07833333333333334
1 0.8833333333333334 0.8683333333333334 0.21000000000000002 0.08333333333333334
1 0.8691666666666668 0.9491666666666667 0.195 0.035
1 0.6316666666666667 0.7591666666666668 0.2 0.08166666666666667
1 0.63 0.6541666666666667 0.19666666666666668 0.085
1 0.6275000000000001 0.5475 0.195 0.07500000000000001
1 0.6358333333333334 0.4425 0.195 0.07833333333333334
1 0.3766666666666667 0.4425 0.2066666666666667 0.07833333333333334
1 0.3775 0.5466666666666667 0.18500000000000003 0.08333333333333334
1 0.3816666666666667 0.6541666666666667 0.19333333333333336 0.07833333333333334
1 0.3816666666666667 0.7666666666666667 0.20333333333333334 0.08333333333333334
1 0.38333333333333336 0.8700000000000001 0.18000000000000002 0.08
1 0.14250000000000002 0.5458333333333334 0.18833333333333335 0.08166666666666667
1 0.13833333333333334 0.6525000000000001 0.20333333333333334 0.08833333333333333
1 0.1391666666666667 0.76 0.21166666666666667 0.09333333333333334
1 0.1366666666666667 0.8700000000000001 0.19333333333333336 0.08666666666666667
