1 0.13416666666666668 0.23083333333333333 0.22166666666666668 0.08166666666666667
1 0.3791666666666667 0.22916666666666669 0.21833333333333335 0.085
1 0.6366666666666667 0.12000000000000001 0.2 0.08
1 0.8683333333333334 0.2316666666666667 0.19333333333333336 0.08
1 0.8733333333333334 0.33666666666666667 0.18666666666666668 0.08333333333333334
1 0.8733333333333334 0.44583333333333336 0.19333333333333336 0.07500000000000001
1 0.8683333333333334 0.5491666666666667 0.18333333333333335 0.07833333333333334
1 0.8683333333333334 0.6566666666666667 0.17 0.08666666666666667
1 0.8700000000000001 0.7658333333333334 0.18000000000000002 0.08833333333333333
1 0.6275000000000001 0.225 0.20833333333333334 0.07666666666666667
1 0.63 0.33166666666666667 0.21666666666666667 0.08666666666666667
1 0.6341666666666667 0.44333333333333336 0.22166666666666668 0.08333333333333334
1 0.6341666666666667 0.5466666666666667 0.22166666666666668 0.09333333333333334
1 0.6358333333333334 0.6533333333333333 0.21166666666666667 0.08333333333333334
1 0.6316666666666667 0.7625000000000001 0.2066666666666667 0.09166666666666667
1 0.6341666666666667 0.8691666666666668 0.19833333333333333 0.08166666666666667
1 0.3825 0.33333333333333337 0.21833333333333335 0.08
1 0.3791666666666667 0.43833333333333335 0.22833333333333336 0.08
1 0.38 0.5508333333333334 0.22333333333333336 0.09166666666666667
1 0.38333333333333336 0.655 0.22333333333333336 0.08333333333333334
1 0.3791666666666667 0.7675000000000001 0.22166666666666668 0.08833333333333333
1 0.3816666666666667 0.8750000000000001 0.22 0.09333333333333334
1 0.13583333333333333 0.3383333333333334 0.21833333333333335 0.07
1 0.12833333333333335 0.44833333333333336 0.22666666666666668 0.08333333333333334
1 0.12833333333333335 0.5491666666666667 0.23333333333333334 0.08833333333333333
1 0.12916666666666668 0.6608333333333334 0.21833333333333335 0.07166666666666667
1 0.13083333333333333 0.7683333333333334 0.22166666666666668 0.09333333333333334
1 0.1325 0.8758333333333334 0.21833333333333335 0.085
