1 0.12000000000000001 0.11750000000000001 0.22666666666666668 0.085
1 0.8808333333333334 0.23 0.21166666666666667 0.09000000000000001
1 0.3725 0.11583333333333334 0.225 0.08833333333333333
3 0.7941666666666667 0.12083333333333333 0.025 0.11833333333333335
1 0.8750000000000001 0.33916666666666667 0.19666666666666668 0.08833333333333333
1 0.8775000000000001 0.44583333333333336 0.2016666666666667 0.08833333333333333
1 0.8766666666666667 0.5508333333333334 0.19666666666666668 0.08833333333333333
1 0.8708333333333333 0.6583333333333333 0.18833333333333335 0.08666666666666667
1 0.8725 0.7683333333333334 0.17833333333333334 0.09000000000000001
1 0.6266666666666667 0.12000000000000001 0.17 0.08333333333333334
1 0.62 0.2316666666666667 0.17 0.07333333333333333
1 0.6233333333333334 0.3375 0.18666666666666668 0.085
1 0.63 0.4441666666666667 0.18333333333333335 0.08166666666666667
1 0.6308333333333334 0.55 0.195 0.08
1 0.645 0.6608333333333334 0.16 0.07833333333333334
1 0.6291666666666667 0.7641666666666667 0.19833333333333333 0.085
1 0.37083333333333335 0.22666666666666668 0.2016666666666667 0.08
1 0.37083333333333335 0.33333333333333337 0.2016666666666667 0.08333333333333334
1 0.3766666666666667 0.4475 0.2 0.07500000000000001
1 0.3691666666666667 0.5466666666666667 0.195 0.07666666666666667
1 0.37583333333333335 0.6591666666666667 0.19833333333333333 0.07833333333333334
1 0.37000000000000005 0.7616666666666667 0.19333333333333336 0.07
1 0.37833333333333335 0.8666666666666667 0.17333333333333334 0.07333333333333333
1 0.12333333333333334 0.2225 0.22 0.08166666666666667
1 0.12666666666666668 0.33333333333333337 0.22333333333333336 0.09000000000000001
1 0.12250000000000001 0.4416666666666667 0.21833333333333335 0.07666666666666667
1 0.12416666666666668 0.5508333333333334 0.21833333333333335 0.085
1 0.12250000000000001 0.6525000000000001 0.22166666666666668 0.085
1 0.12583333333333335 0.76 0.21500000000000002 0.08
1 0.12916666666666668 0.8700000000000001 0.21166666666666667 0.08333333333333334
