1 0.3716666666666667 0.8808333333333334 0.22666666666666668 0.08166666666666667
1 0.62 0.7683333333333334 0.21666666666666667 0.09000000000000001
1 0.8758333333333334 0.22916666666666669 0.2316666666666667 0.09166666666666667
1 0.8791666666666668 0.3375 0.21500000000000002 0.07500000000000001
1 0.8775000000000001 0.44 0.20500000000000002 0.08
1 0.8766666666666667 0.5525 0.21666666666666667 0.09166666666666667
1 0.8766666666666667 0.66 0.21666666666666667 0.08666666666666667
1 0.8766666666666667 0.7691666666666667 0.21666666666666667 0.085
1 0.8775000000000001 0.8766666666666667 0.20833333333333334 0.09000000000000001
1 0.6225 0.8741666666666668 0.21166666666666667 0.095
1 0.6291666666666667 0.6583333333333333 0.20500000000000002 0.08333333333333334
1 0.6275000000000001 0.5525 0.195 0.08166666666666667
1 0.37083333333333335 0.7683333333333334 0.21833333333333335 0.09000000000000001
1 0.3716666666666667 0.6558333333333334 0.21666666666666667 0.085
1 0.3775 0.55 0.20833333333333334 0.08666666666666667
1 0.37833333333333335 0.44583333333333336 0.21000000000000002 0.08833333333333333
1 0.38 0.33416666666666667 0.2066666666666667 0.07833333333333334
1 0.38 0.22583333333333336 0.16333333333333333 0.06833333333333334
1 0.165 0.7716666666666667 0.13333333333333333 0.08
1 0.15000000000000002 0.8808333333333334 0.17666666666666667 0.08833333333333333
1 0.1625 0.6616666666666667 0.14166666666666666 0.07333333333333333
1 0.16833333333333333 0.55 0.13333333333333333 0.06333333333333334
1 0.6308333333333334 0.44 0.19166666666666668 0.06666666666666667
1 0.6391666666666667 0.33 0.17500000000000002 0.06666666666666667
