1 0.12250000000000001 0.23083333333333333 0.2316666666666667 0.07500000000000001
1 0.37583333333333335 0.8758333333333334 0.19833333333333333 0.09166666666666667
1 0.6225 0.8766666666666667 0.22166666666666668 0.09000000000000001
1 0.8750000000000001 0.8783333333333334 0.21333333333333335 0.08666666666666667
1 0.12416666666666668 0.33333333333333337 0.225 0.08333333333333334
1 0.1275 0.4441666666666667 0.23500000000000001 0.085
1 0.12666666666666668 0.5558333333333334 0.22 0.095
1 0.13 0.66 0.22333333333333336 0.09333333333333334
1 0.12916666666666668 0.7691666666666667 0.22833333333333336 0.07833333333333334
1 0.13333333333333333 0.8775000000000001 0.22333333333333336 0.09833333333333334
1 0.12916666666666668 0.9575 0.21500000000000002 0.045000000000000005
1 0.3725 0.7716666666666667 0.22833333333333336 0.08333333333333334
1 0.3716666666666667 0.6625000000000001 0.22666666666666668 0.085
1 0.3716666666666667 0.5516666666666667 0.22333333333333336 0.08333333333333334
1 0.3716666666666667 0.4425 0.21666666666666667 0.085
1 0.3716666666666667 0.3358333333333334 0.22666666666666668 0.08833333333333333
1 0.6308333333333334 0.7658333333333334 0.20833333333333334 0.085
1 0.6333333333333334 0.6591666666666667 0.2 0.07833333333333334
1 0.64 0.5491666666666667 0.21000000000000002 0.08166666666666667
1 0.8758333333333334 0.7658333333333334 0.21500000000000002 0.09166666666666667
1 0.88 0.6583333333333333 0.2066666666666667 0.09000000000000001
1 0.8766666666666667 0.5516666666666667 0.21000000000000002 0.08666666666666667
1 0.8808333333333334 0.44083333333333335 0.19166666666666668 0.07833333333333334
1 0.8758333333333334 0.3358333333333334 0.18833333333333335 0.08166666666666667
1 0.9 0.22583333333333336 0.16 0.06833333333333334
1 0.38083333333333336 0.2325 0.20833333333333334 0.07166666666666667
