4 0.8666666666666667 0.49500000000000005 0.26333333333333336 0.9866666666666667
1 0.6133333333333334 0.5516666666666667 0.22 0.09000000000000001
1 0.3691666666666667 0.4425 0.21833333333333335 0.08166666666666667
1 0.6125 0.6558333333333334 0.21166666666666667 0.09166666666666667
1 0.6133333333333334 0.7641666666666667 0.22 0.07833333333333334
1 0.6141666666666667 0.8725 0.21500000000000002 0.08833333333333333
1 0.6116666666666667 0.9566666666666668 0.2066666666666667 0.043333333333333335
1 0.36333333333333334 0.9583333333333334 0.2066666666666667 0.03666666666666667
1 0.3741666666666667 0.8750000000000001 0.225 0.08
1 0.37583333333333335 0.7675000000000001 0.22166666666666668 0.09166666666666667
1 0.375 0.6566666666666667 0.22 0.08
1 0.3741666666666667 0.55 0.21833333333333335 0.08333333333333334
1 0.12333333333333334 0.9583333333333334 0.19333333333333336 0.04
1 0.12250000000000001 0.8741666666666668 0.22166666666666668 0.08166666666666667
1 0.12250000000000001 0.7658333333333334 0.22833333333333336 0.085
1 0.12083333333333333 0.6616666666666667 0.21833333333333335 0.08333333333333334
1 0.11583333333333334 0.5483333333333333 0.2016666666666667 0.07666666666666667
1 0.36333333333333334 0.3433333333333334 0.18666666666666668 0.07
